Pixel index: ipix; Position in the focal plane: x[m]  y[m]  f[m]; Line of Sight: dir_x dir_y dirz; Azimuth [deg]; Elevation [deg];
0  -0.014985  0  0.5262  -0.0284662246340034  0  0.999594754915754  90  88.3687851165758
1  -0.014955  0  0.5262  -0.0284092812368432  0  0.999596374913198  90  88.3720490529537
2  -0.014925  0  0.5262  -0.0283523375631028  0  0.999597991672006  90  88.3753129999004
3  -0.014895  0  0.5262  -0.0282953936133349  0  0.999599605192132  90  88.3785769573951
4  -0.014865  0  0.5262  -0.028238449388092  0  0.999601215473529  90  88.3818409254162
5  -0.014835  0  0.5262  -0.0281815048879268  0  0.999602822516149  90  88.3851049039426
6  -0.014805  0  0.5262  -0.0281245601133919  0  0.999604426319946  90  88.3883688929534
7  -0.014775  0  0.5262  -0.0280676150650399  0  0.999606026884873  90  88.3916328924274
8  -0.014745  0  0.5262  -0.0280106697434235  0  0.999607624210883  90  88.3948969023436
9  -0.014715  0  0.5262  -0.0279537241490954  0  0.999609218297929  90  88.3981609226804
10  -0.014685  0  0.5262  -0.0278967782826083  0  0.999610809145965  90  88.4014249534173
11  -0.014655  0  0.5262  -0.0278398321445149  0  0.999612396754945  90  88.4046889945326
12  -0.014625  0  0.5262  -0.0277828857353678  0  0.999613981124822  90  88.4079530460055
13  -0.014595  0  0.5262  -0.0277259390557198  0  0.99961556225555  90  88.4112171078147
14  -0.014565  0  0.5262  -0.0276689921061236  0  0.999617140147082  90  88.4144811799391
15  -0.014535  0  0.5262  -0.0276120448871321  0  0.999618714799373  90  88.4177452623579
16  -0.014505  0  0.5262  -0.0275550973992979  0  0.999620286212377  90  88.4210093550494
17  -0.014475  0  0.5262  -0.0274981496431738  0  0.999621854386048  90  88.4242734579927
18  -0.014445  0  0.5262  -0.0274412016193126  0  0.99962341932034  90  88.4275375711665
19  -0.014415  0  0.5262  -0.0273842533282672  0  0.999624981015207  90  88.4308016945502
20  -0.014385  0  0.5262  -0.0273273047705903  0  0.999626539470604  90  88.4340658281221
21  -0.014355  0  0.5262  -0.0272703559468348  0  0.999628094686485  90  88.4373299718612
22  -0.014325  0  0.5262  -0.0272134068575536  0  0.999629646662806  90  88.4405941257466
23  -0.014295  0  0.5262  -0.0271564575032994  0  0.999631195399519  90  88.4438582897566
24  -0.014265  0  0.5262  -0.0270995078846251  0  0.999632740896581  90  88.4471224638707
25  -0.014235  0  0.5262  -0.0270425580020837  0  0.999634283153946  90  88.4503866480677
26  -0.014205  0  0.5262  -0.026985607856228  0  0.99963582217157  90  88.453650842326
27  -0.014175  0  0.5262  -0.0269286574476109  0  0.999637357949406  90  88.4569150466246
28  -0.014145  0  0.5262  -0.0268717067767853  0  0.999638890487411  90  88.4601792609427
29  -0.014115  0  0.5262  -0.0268147558443043  0  0.99964041978554  90  88.4634434852586
30  -0.014085  0  0.5262  -0.0267578046507206  0  0.999641945843748  90  88.4667077195516
31  -0.014055  0  0.5262  -0.0267008531965874  0  0.99964346866199  90  88.4699719638006
32  -0.014025  0  0.5262  -0.0266439014824575  0  0.999644988240222  90  88.4732362179843
33  -0.013995  0  0.5262  -0.0265869495088839  0  0.9996465045784  90  88.4765004820813
34  -0.013965  0  0.5262  -0.0265299972764197  0  0.999648017676478  90  88.4797647560705
35  -0.013935  0  0.5262  -0.0264730447856178  0  0.999649527534415  90  88.4830290399315
36  -0.013905  0  0.5262  -0.0264160920370312  0  0.999651034152164  90  88.4862933336424
37  -0.013875  0  0.5262  -0.0263591390312131  0  0.999652537529682  90  88.4895576371819
38  -0.013845  0  0.5262  -0.0263021857687164  0  0.999654037666926  90  88.4928219505297
39  -0.013815  0  0.5262  -0.0262452322500943  0  0.999655534563851  90  88.496086273664
40  -0.013785  0  0.5262  -0.0261882784758997  0  0.999657028220414  90  88.4993506065637
41  -0.013755  0  0.5262  -0.0261313244466857  0  0.99965851863657  90  88.5026149492079
42  -0.013725  0  0.5262  -0.0260743701630055  0  0.999660005812277  90  88.5058793015751
43  -0.013695  0  0.5262  -0.0260174156254122  0  0.999661489747492  90  88.5091436636447
44  -0.013665  0  0.5262  -0.0259604608344589  0  0.99966297044217  90  88.512408035395
45  -0.013635  0  0.5262  -0.0259035057906986  0  0.999664447896269  90  88.5156724168051
46  -0.013605  0  0.5262  -0.0258465504946847  0  0.999665922109744  90  88.5189368078537
47  -0.013575  0  0.5262  -0.0257895949469701  0  0.999667393082555  90  88.52220120852
48  -0.013545  0  0.5262  -0.0257326391481082  0  0.999668860814657  90  88.5254656187823
49  -0.013515  0  0.5262  -0.025675683098652  0  0.999670325306007  90  88.52873003862
50  -0.013485  0  0.5262  -0.0256187267991548  0  0.999671786556563  90  88.5319944680118
51  -0.013455  0  0.5262  -0.0255617702501698  0  0.999673244566282  90  88.5352589069365
52  -0.013425  0  0.5262  -0.0255048134522501  0  0.999674699335122  90  88.5385233553724
53  -0.013395  0  0.5262  -0.0254478564059491  0  0.999676150863039  90  88.5417878132994
54  -0.013365  0  0.5262  -0.0253908991118199  0  0.999677599149993  90  88.5450522806955
55  -0.013335  0  0.5262  -0.0253339415704159  0  0.999679044195939  90  88.5483167575401
56  -0.013305  0  0.5262  -0.0252769837822903  0  0.999680486000837  90  88.5515812438116
57  -0.013275  0  0.5262  -0.0252200257479963  0  0.999681924564644  90  88.5548457394892
58  -0.013245  0  0.5262  -0.0251630674680873  0  0.999683359887318  90  88.5581102445514
59  -0.013215  0  0.5262  -0.0251061089431165  0  0.999684791968817  90  88.5613747589773
60  -0.013185  0  0.5262  -0.0250491501736373  0  0.999686220809099  90  88.5646392827456
61  -0.013155  0  0.5262  -0.0249921911602031  0  0.999687646408123  90  88.5679038158355
62  -0.013125  0  0.5262  -0.024935231903367  0  0.999689068765847  90  88.5711683582253
63  -0.013095  0  0.5262  -0.0248782724036826  0  0.999690487882229  90  88.5744329098942
64  -0.013065  0  0.5262  -0.0248213126617031  0  0.999691903757228  90  88.577697470821
65  -0.013035  0  0.5262  -0.024764352677982  0  0.999693316390802  90  88.5809620409846
66  -0.013005  0  0.5262  -0.0247073924530725  0  0.999694725782911  90  88.5842266203635
67  -0.012975  0  0.5262  -0.0246504319875282  0  0.999696131933513  90  88.5874912089368
68  -0.012945  0  0.5262  -0.0245934712819024  0  0.999697534842567  90  88.5907558066834
69  -0.012915  0  0.5262  -0.0245365103367485  0  0.999698934510033  90  88.5940204135819
70  -0.012885  0  0.5262  -0.02447954915262  0  0.999700330935868  90  88.5972850296117
71  -0.012855  0  0.5262  -0.0244225877300704  0  0.999701724120033  90  88.6005496547511
72  -0.012825  0  0.5262  -0.024365626069653  0  0.999703114062487  90  88.6038142889789
73  -0.012795  0  0.5262  -0.0243086641719213  0  0.999704500763189  90  88.6070789322743
74  -0.012765  0  0.5262  -0.0242517020374289  0  0.999705884222098  90  88.6103435846158
75  -0.012735  0  0.5262  -0.0241947396667292  0  0.999707264439175  90  88.6136082459828
76  -0.012705  0  0.5262  -0.0241377770603757  0  0.999708641414379  90  88.6168729163531
77  -0.012675  0  0.5262  -0.0240808142189219  0  0.99971001514767  90  88.6201375957068
78  -0.012645  0  0.5262  -0.0240238511429214  0  0.999711385639007  90  88.6234022840218
79  -0.012615  0  0.5262  -0.0239668878329277  0  0.99971275288835  90  88.6266669812772
80  -0.012585  0  0.5262  -0.0239099242894943  0  0.999714116895661  90  88.6299316874521
81  -0.012555  0  0.5262  -0.0238529605131748  0  0.999715477660898  90  88.633196402525
82  -0.012525  0  0.5262  -0.0237959965045228  0  0.999716835184022  90  88.6364611264753
83  -0.012495  0  0.5262  -0.0237390322640918  0  0.999718189464993  90  88.6397258592809
84  -0.012465  0  0.5262  -0.0236820677924354  0  0.999719540503773  90  88.6429906009212
85  -0.012435  0  0.5262  -0.0236251030901073  0  0.99972088830032  90  88.6462553513751
86  -0.012405  0  0.5262  -0.0235681381576611  0  0.999722232854597  90  88.6495201106212
87  -0.012375  0  0.5262  -0.0235111729956504  0  0.999723574166564  90  88.6527848786387
88  -0.012345  0  0.5262  -0.0234542076046288  0  0.999724912236181  90  88.6560496554061
89  -0.012315  0  0.5262  -0.0233972419851499  0  0.999726247063409  90  88.6593144409023
90  -0.012285  0  0.5262  -0.0233402761377675  0  0.99972757864821  90  88.662579235106
91  -0.012255  0  0.5262  -0.0232833100630352  0  0.999728906990544  90  88.6658440379963
92  -0.012225  0  0.5262  -0.0232263437615067  0  0.999730232090374  90  88.6691088495522
93  -0.012195  0  0.5262  -0.0231693772337357  0  0.999731553947659  90  88.672373669752
94  -0.012165  0  0.5262  -0.0231124104802758  0  0.999732872562362  90  88.6756384985746
95  -0.012135  0  0.5262  -0.0230554435016809  0  0.999734187934443  90  88.6789033359994
96  -0.012105  0  0.5262  -0.0229984762985045  0  0.999735500063866  90  88.6821681820049
97  -0.012075  0  0.5262  -0.0229415088713006  0  0.99973680895059  90  88.6854330365694
98  -0.012045  0  0.5262  -0.0228845412206228  0  0.999738114594578  90  88.6886978996725
99  -0.012015  0  0.5262  -0.0228275733470248  0  0.999739416995792  90  88.6919627712929
100  -0.011985  0  0.5262  -0.0227706052510605  0  0.999740716154194  90  88.6952276514088
101  -0.011955  0  0.5262  -0.0227136369332836  0  0.999742012069745  90  88.6984925400001
102  -0.011925  0  0.5262  -0.0226566683942479  0  0.999743304742409  90  88.7017574370447
103  -0.011895  0  0.5262  -0.0225996996345072  0  0.999744594172147  90  88.7050223425218
104  -0.011865  0  0.5262  -0.0225427306546153  0  0.999745880358921  90  88.7082872564104
105  -0.011835  0  0.5262  -0.0224857614551262  0  0.999747163302694  90  88.711552178689
106  -0.011805  0  0.5262  -0.0224287920365934  0  0.999748443003428  90  88.7148171093365
107  -0.011775  0  0.5262  -0.0223718223995711  0  0.999749719461087  90  88.7180820483321
108  -0.011745  0  0.5262  -0.0223148525446129  0  0.999750992675632  90  88.7213469956538
109  -0.011715  0  0.5262  -0.0222578824722728  0  0.999752262647027  90  88.7246119512813
110  -0.011685  0  0.5262  -0.0222009121831046  0  0.999753529375235  90  88.7278769151931
111  -0.011655  0  0.5262  -0.0221439416776622  0  0.999754792860218  90  88.7311418873679
112  -0.011625  0  0.5262  -0.0220869709564995  0  0.999756053101939  90  88.7344068677848
113  -0.011595  0  0.5262  -0.0220300000201705  0  0.999757310100362  90  88.737671856422
114  -0.011565  0  0.5262  -0.021973028869229  0  0.99975856385545  90  88.740936853259
115  -0.011535  0  0.5262  -0.0219160575042289  0  0.999759814367167  90  88.7442018582745
116  -0.011505  0  0.5262  -0.0218590859257243  0  0.999761061635475  90  88.7474668714475
117  -0.011475  0  0.5262  -0.0218021141342691  0  0.999762305660339  90  88.7507318927561
118  -0.011445  0  0.5262  -0.0217451421304171  0  0.999763546441721  90  88.7539969221797
119  -0.011415  0  0.5262  -0.0216881699147225  0  0.999764783979587  90  88.7572619596972
120  -0.011385  0  0.5262  -0.0216311974877392  0  0.999766018273899  90  88.7605270052871
121  -0.011355  0  0.5262  -0.0215742248500211  0  0.999767249324622  90  88.7637920589284
122  -0.011325  0  0.5262  -0.0215172520021222  0  0.999768477131719  90  88.7670571205997
123  -0.011295  0  0.5262  -0.0214602789445967  0  0.999769701695155  90  88.7703221902801
124  -0.011265  0  0.5262  -0.0214033056779985  0  0.999770923014895  90  88.7735872679484
125  -0.011235  0  0.5262  -0.0213463322028816  0  0.999772141090901  90  88.7768523535835
126  -0.011205  0  0.5262  -0.0212893585198  0  0.999773355923139  90  88.7801174471638
127  -0.011175  0  0.5262  -0.0212323846293079  0  0.999774567511573  90  88.7833825486686
128  -0.011145  0  0.5262  -0.0211754105319593  0  0.999775775856168  90  88.7866476580765
129  -0.011115  0  0.5262  -0.0211184362283083  0  0.999776980956889  90  88.7899127753661
130  -0.011085  0  0.5262  -0.0210614617189089  0  0.999778182813699  90  88.7931779005166
131  -0.011055  0  0.5262  -0.0210044870043152  0  0.999779381426565  90  88.7964430335065
132  -0.011025  0  0.5262  -0.0209475120850814  0  0.999780576795451  90  88.7997081743152
133  -0.010995  0  0.5262  -0.0208905369617616  0  0.999781768920323  90  88.802973322921
134  -0.010965  0  0.5262  -0.0208335616349098  0  0.999782957801144  90  88.8062384793027
135  -0.010935  0  0.5262  -0.0207765861050803  0  0.999784143437881  90  88.8095036434393
136  -0.010905  0  0.5262  -0.0207196103728271  0  0.9997853258305  90  88.8127688153095
137  -0.010875  0  0.5262  -0.0206626344387044  0  0.999786504978964  90  88.8160339948923
138  -0.010845  0  0.5262  -0.0206056583032663  0  0.999787680883241  90  88.8192991821665
139  -0.010815  0  0.5262  -0.0205486819670672  0  0.999788853543295  90  88.8225643771106
140  -0.010785  0  0.5262  -0.020491705430661  0  0.999790022959093  90  88.825829579704
141  -0.010755  0  0.5262  -0.020434728694602  0  0.9997911891306  90  88.8290947899251
142  -0.010725  0  0.5262  -0.0203777517594445  0  0.999792352057781  90  88.8323600077525
143  -0.010695  0  0.5262  -0.0203207746257426  0  0.999793511740604  90  88.8356252331655
144  -0.010665  0  0.5262  -0.0202637972940506  0  0.999794668179035  90  88.8388904661429
145  -0.010635  0  0.5262  -0.0202068197649226  0  0.999795821373038  90  88.8421557066631
146  -0.010605  0  0.5262  -0.0201498420389129  0  0.999796971322581  90  88.8454209547051
147  -0.010575  0  0.5262  -0.0200928641165758  0  0.999798118027631  90  88.8486862102481
148  -0.010545  0  0.5262  -0.0200358859984656  0  0.999799261488153  90  88.8519514732705
149  -0.010515  0  0.5262  -0.0199789076851364  0  0.999800401704115  90  88.855216743751
150  -0.010485  0  0.5262  -0.0199219291771426  0  0.999801538675482  90  88.8584820216688
151  -0.010455  0  0.5262  -0.0198649504750384  0  0.999802672402222  90  88.8617473070025
152  -0.010425  0  0.5262  -0.0198079715793783  0  0.999803802884301  90  88.8650125997308
153  -0.010395  0  0.5262  -0.0197509924907163  0  0.999804930121687  90  88.8682778998329
154  -0.010365  0  0.5262  -0.019694013209607  0  0.999806054114347  90  88.8715432072873
155  -0.010335  0  0.5262  -0.0196370337366046  0  0.999807174862247  90  88.8748085220731
156  -0.010305  0  0.5262  -0.0195800540722634  0  0.999808292365355  90  88.8780738441686
157  -0.010275  0  0.5262  -0.0195230742171378  0  0.999809406623638  90  88.8813391735529
158  -0.010245  0  0.5262  -0.0194660941717821  0  0.999810517637065  90  88.8846045102051
159  -0.010215  0  0.5262  -0.0194091139367507  0  0.999811625405601  90  88.8878698541036
160  -0.010185  0  0.5262  -0.019352133512598  0  0.999812729929216  90  88.8911352052276
161  -0.010155  0  0.5262  -0.0192951528998783  0  0.999813831207876  90  88.8944005635553
162  -0.010125  0  0.5262  -0.0192381720991461  0  0.999814929241549  90  88.8976659290661
163  -0.010095  0  0.5262  -0.0191811911109557  0  0.999816024030204  90  88.9009313017388
164  -0.010065  0  0.5262  -0.0191242099358616  0  0.999817115573808  90  88.9041966815516
165  -0.010035  0  0.5262  -0.0190672285744181  0  0.999818203872329  90  88.9074620684838
166  -0.010005  0  0.5262  -0.0190102470271798  0  0.999819288925737  90  88.9107274625143
167  -0.009975  0  0.5262  -0.0189532652947009  0  0.999820370733998  90  88.9139928636216
168  -0.009945  0  0.5262  -0.0188962833775361  0  0.999821449297081  90  88.9172582717846
169  -0.009915  0  0.5262  -0.0188393012762396  0  0.999822524614955  90  88.9205236869826
170  -0.009885  0  0.5262  -0.0187823189913661  0  0.999823596687589  90  88.9237891091936
171  -0.009855  0  0.5262  -0.0187253365234699  0  0.999824665514951  90  88.9270545383968
172  -0.009825  0  0.5262  -0.0186683538731055  0  0.999825731097009  90  88.9303199745713
173  -0.009795  0  0.5262  -0.0186113710408275  0  0.999826793433733  90  88.933585417695
174  -0.009765  0  0.5262  -0.0185543880271903  0  0.999827852525092  90  88.9368508677475
175  -0.009735  0  0.5262  -0.0184974048327484  0  0.999828908371054  90  88.9401163247077
176  -0.009705  0  0.5262  -0.0184404214580564  0  0.999829960971589  90  88.943381788554
177  -0.009675  0  0.5262  -0.0183834379036687  0  0.999831010326666  90  88.9466472592655
178  -0.009645  0  0.5262  -0.01832645417014  0  0.999832056436255  90  88.9499127368206
179  -0.009615  0  0.5262  -0.0182694702580247  0  0.999833099300324  90  88.9531782211983
180  -0.009585  0  0.5262  -0.0182124861678774  0  0.999834138918843  90  88.9564437123775
181  -0.009555  0  0.5262  -0.0181555019002527  0  0.999835175291783  90  88.9597092103372
182  -0.009525  0  0.5262  -0.0180985174557051  0  0.999836208419112  90  88.9629747150558
183  -0.009495  0  0.5262  -0.0180415328347892  0  0.9998372383008  90  88.9662402265123
184  -0.009465  0  0.5262  -0.0179845480380596  0  0.999838264936818  90  88.9695057446857
185  -0.009435  0  0.5262  -0.0179275630660709  0  0.999839288327135  90  88.9727712695542
186  -0.009405  0  0.5262  -0.0178705779193777  0  0.999840308471722  90  88.9760368010971
187  -0.009375  0  0.5262  -0.0178135925985346  0  0.999841325370548  90  88.9793023392934
188  -0.009345  0  0.5262  -0.0177566071040961  0  0.999842339023584  90  88.982567884121
189  -0.009315  0  0.5262  -0.0176996214366171  0  0.9998433494308  90  88.9858334355595
190  -0.009285  0  0.5262  -0.017642635596652  0  0.999844356592167  90  88.9890989935877
191  -0.009255  0  0.5262  -0.0175856495847555  0  0.999845360507655  90  88.9923645581844
192  -0.009225  0  0.5262  -0.0175286634014823  0  0.999846361177235  90  88.9956301293282
193  -0.009195  0  0.5262  -0.0174716770473871  0  0.999847358600878  90  88.9988957069976
194  -0.009165  0  0.5262  -0.0174146905230244  0  0.999848352778554  90  89.0021612911718
195  -0.009135  0  0.5262  -0.0173577038289491  0  0.999849343710234  90  89.0054268818297
196  -0.009105  0  0.5262  -0.0173007169657157  0  0.999850331395891  90  89.0086924789499
197  -0.009075  0  0.5262  -0.0172437299338789  0  0.999851315835493  90  89.011958082511
198  -0.009045  0  0.5262  -0.0171867427339936  0  0.999852297029014  90  89.0152236924924
199  -0.009015  0  0.5262  -0.0171297553666143  0  0.999853274976424  90  89.0184893088722
200  -0.008985  0  0.5262  -0.0170727678322959  0  0.999854249677694  90  89.0217549316298
201  -0.008955  0  0.5262  -0.0170157801315929  0  0.999855221132797  90  89.0250205607438
202  -0.008925  0  0.5262  -0.0169587922650602  0  0.999856189341703  90  89.0282861961926
203  -0.008895  0  0.5262  -0.0169018042332526  0  0.999857154304384  90  89.0315518379554
204  -0.008865  0  0.5262  -0.0168448160367246  0  0.999858116020813  90  89.0348174860109
205  -0.008835  0  0.5262  -0.0167878276760312  0  0.99985907449096  90  89.0380831403385
206  -0.008805  0  0.5262  -0.0167308391517271  0  0.999860029714799  90  89.0413488009158
207  -0.008775  0  0.5262  -0.016673850464367  0  0.999860981692301  90  89.0446144677228
208  -0.008745  0  0.5262  -0.0166168616145058  0  0.999861930423438  90  89.0478801407372
209  -0.008715  0  0.5262  -0.0165598726026982  0  0.999862875908183  90  89.0511458199386
210  -0.008685  0  0.5262  -0.0165028834294991  0  0.999863818146508  90  89.0544115053058
211  -0.008655  0  0.5262  -0.0164458940954632  0  0.999864757138385  90  89.0576771968171
212  -0.008625  0  0.5262  -0.0163889046011453  0  0.999865692883787  90  89.0609428944516
213  -0.008595  0  0.5262  -0.0163319149471003  0  0.999866625382686  90  89.0642085981884
214  -0.008565  0  0.5262  -0.016274925133883  0  0.999867554635056  90  89.0674743080052
215  -0.008535  0  0.5262  -0.0162179351620483  0  0.999868480640869  90  89.0707400238821
216  -0.008505  0  0.5262  -0.016160945032151  0  0.999869403400098  90  89.074005745797
217  -0.008475  0  0.5262  -0.0161039547447459  0  0.999870322912716  90  89.0772714737292
218  -0.008445  0  0.5262  -0.0160469643003879  0  0.999871239178697  90  89.0805372076575
219  -0.008415  0  0.5262  -0.0159899736996318  0  0.999872152198012  90  89.0838029475599
220  -0.008385  0  0.5262  -0.0159329829430327  0  0.999873061970637  90  89.0870686934164
221  -0.008355  0  0.5262  -0.0158759920311452  0  0.999873968496544  90  89.0903344452054
222  -0.008325  0  0.5262  -0.0158190009645244  0  0.999874871775706  90  89.0936002029052
223  -0.008295  0  0.5262  -0.0157620097437251  0  0.999875771808098  90  89.096865966495
224  -0.008265  0  0.5262  -0.0157050183693023  0  0.999876668593692  90  89.1001317359533
225  -0.008235  0  0.5262  -0.0156480268418108  0  0.999877562132463  90  89.1033975112591
226  -0.008205  0  0.5262  -0.0155910351618056  0  0.999878452424385  90  89.1066632923919
227  -0.008175  0  0.5262  -0.0155340433298415  0  0.999879339469432  90  89.1099290793291
228  -0.008145  0  0.5262  -0.0154770513464736  0  0.999880223267577  90  89.1131948720503
229  -0.008115  0  0.5262  -0.0154200592122568  0  0.999881103818794  90  89.1164606705345
230  -0.008085  0  0.5262  -0.015363066927746  0  0.999881981123059  90  89.1197264747597
231  -0.008055  0  0.5262  -0.0153060744934962  0  0.999882855180345  90  89.1229922847054
232  -0.008025  0  0.5262  -0.0152490819100623  0  0.999883725990627  90  89.1262581003503
233  -0.007995  0  0.5262  -0.0151920891779994  0  0.99988459355388  90  89.129523921673
234  -0.007965  0  0.5262  -0.0151350962978623  0  0.999885457870078  90  89.1327897486528
235  -0.007935  0  0.5262  -0.0150781032702062  0  0.999886318939195  90  89.1360555812676
236  -0.007905  0  0.5262  -0.015021110095586  0  0.999887176761207  90  89.1393214194964
237  -0.007875  0  0.5262  -0.0149641167745566  0  0.999888031336088  90  89.1425872633189
238  -0.007845  0  0.5262  -0.0149071233076732  0  0.999888882663814  90  89.1458531127126
239  -0.007815  0  0.5262  -0.0148501296954906  0  0.999889730744359  90  89.1491189676571
240  -0.007785  0  0.5262  -0.014793135938564  0  0.999890575577699  90  89.1523848281311
241  -0.007755  0  0.5262  -0.0147361420374484  0  0.99989141716381  90  89.1556506941135
242  -0.007725  0  0.5262  -0.0146791479926988  0  0.999892255502666  90  89.158916565583
243  -0.007695  0  0.5262  -0.0146221538048702  0  0.999893090594243  90  89.1621824425182
244  -0.007665  0  0.5262  -0.0145651594745177  0  0.999893922438516  90  89.1654483248975
245  -0.007635  0  0.5262  -0.0145081650021964  0  0.999894751035462  90  89.1687142127009
246  -0.007605  0  0.5262  -0.0144511703884613  0  0.999895576385056  90  89.1719801059062
247  -0.007575  0  0.5262  -0.0143941756338675  0  0.999896398487274  90  89.1752460044921
248  -0.007545  0  0.5262  -0.0143371807389701  0  0.999897217342092  90  89.1785119084382
249  -0.007515  0  0.5262  -0.0142801857043242  0  0.999898032949485  90  89.1817778177226
250  -0.007485  0  0.5262  -0.0142231905304848  0  0.999898845309431  90  89.185043732325
251  -0.007455  0  0.5262  -0.014166195218007  0  0.999899654421905  90  89.1883096522227
252  -0.007425  0  0.5262  -0.0141091997674461  0  0.999900460286884  90  89.1915755773955
253  -0.007395  0  0.5262  -0.0140522041793569  0  0.999901262904344  90  89.1948415078223
254  -0.007365  0  0.5262  -0.0139952084542948  0  0.999902062274261  90  89.1981074434811
255  -0.007335  0  0.5262  -0.0139382125928148  0  0.999902858396613  90  89.2013733843515
256  -0.007305  0  0.5262  -0.0138812165954721  0  0.999903651271376  90  89.2046393304124
257  -0.007275  0  0.5262  -0.0138242204628217  0  0.999904440898527  90  89.2079052816413
258  -0.007245  0  0.5262  -0.0137672241954189  0  0.999905227278042  90  89.2111712380187
259  -0.007215  0  0.5262  -0.0137102277938187  0  0.999906010409899  90  89.2144371995221
260  -0.007185  0  0.5262  -0.0136532312585765  0  0.999906790294075  90  89.2177031661304
261  -0.007155  0  0.5262  -0.0135962345902472  0  0.999907566930547  90  89.2209691378235
262  -0.007125  0  0.5262  -0.0135392377893861  0  0.999908340319293  90  89.224235114579
263  -0.007095  0  0.5262  -0.0134822408565484  0  0.999909110460289  90  89.2275010963761
264  -0.007065  0  0.5262  -0.0134252437922892  0  0.999909877353513  90  89.2307670831934
265  -0.007035  0  0.5262  -0.0133682465971638  0  0.999910640998943  90  89.2340330750103
266  -0.007005  0  0.5262  -0.0133112492717273  0  0.999911401396557  90  89.237299071805
267  -0.006975  0  0.5262  -0.0132542518165349  0  0.999912158546332  90  89.2405650735564
268  -0.006945  0  0.5262  -0.0131972542321419  0  0.999912912448245  90  89.2438310802432
269  -0.006915  0  0.5262  -0.0131402565191035  0  0.999913663102276  90  89.2470970918443
270  -0.006885  0  0.5262  -0.0130832586779748  0  0.999914410508402  90  89.2503631083389
271  -0.006855  0  0.5262  -0.0130262607093112  0  0.999915154666601  90  89.2536291297052
272  -0.006825  0  0.5262  -0.0129692626136678  0  0.999915895576852  90  89.256895155922
273  -0.006795  0  0.5262  -0.0129122643916  0  0.999916633239132  90  89.2601611869685
274  -0.006765  0  0.5262  -0.0128552660436629  0  0.999917367653421  90  89.2634272228229
275  -0.006735  0  0.5262  -0.0127982675704117  0  0.999918098819696  90  89.2666932634645
276  -0.006705  0  0.5262  -0.0127412689724019  0  0.999918826737937  90  89.2699593088719
277  -0.006675  0  0.5262  -0.0126842702501886  0  0.999919551408122  90  89.2732253590244
278  -0.006645  0  0.5262  -0.012627271404327  0  0.99992027283023  90  89.2764914138999
279  -0.006615  0  0.5262  -0.0125702724353726  0  0.99992099100424  90  89.2797574734775
280  -0.006585  0  0.5262  -0.0125132733438805  0  0.99992170593013  90  89.283023537736
281  -0.006555  0  0.5262  -0.012456274130406  0  0.99992241760788  90  89.2862896066547
282  -0.006525  0  0.5262  -0.0123992747955045  0  0.99992312603747  90  89.2895556802112
283  -0.006495  0  0.5262  -0.0123422753397313  0  0.999923831218878  90  89.2928217583856
284  -0.006465  0  0.5262  -0.0122852757636416  0  0.999924533152083  90  89.2960878411559
285  -0.006435  0  0.5262  -0.0122282760677908  0  0.999925231837066  90  89.2993539285011
286  -0.006405  0  0.5262  -0.0121712762527342  0  0.999925927273805  90  89.3026200204003
287  -0.006375  0  0.5262  -0.0121142763190271  0  0.999926619462281  90  89.3058861168313
288  -0.006345  0  0.5262  -0.0120572762672248  0  0.999927308402474  90  89.3091522177743
289  -0.006315  0  0.5262  -0.0120002760978827  0  0.999927994094362  90  89.3124183232066
290  -0.006285  0  0.5262  -0.0119432758115562  0  0.999928676537926  90  89.3156844331083
291  -0.006255  0  0.5262  -0.0118862754088005  0  0.999929355733147  90  89.3189505474572
292  -0.006225  0  0.5262  -0.0118292748901711  0  0.999930031680003  90  89.3222166662324
293  -0.006195  0  0.5262  -0.0117722742562232  0  0.999930704378477  90  89.3254827894133
294  -0.006165  0  0.5262  -0.0117152735075123  0  0.999931373828546  90  89.3287489169771
295  -0.006135  0  0.5262  -0.0116582726445938  0  0.999932040030193  90  89.3320150489044
296  -0.006105  0  0.5262  -0.0116012716680229  0  0.999932702983398  90  89.3352811851733
297  -0.006075  0  0.5262  -0.0115442705783551  0  0.999933362688141  90  89.3385473257616
298  -0.006045  0  0.5262  -0.0114872693761458  0  0.999934019144403  90  89.3418134706504
299  -0.006015  0  0.5262  -0.0114302680619504  0  0.999934672352165  90  89.345079619816
300  -0.005985  0  0.5262  -0.0113732666363242  0  0.999935322311408  90  89.3483457732384
301  -0.005955  0  0.5262  -0.0113162650998227  0  0.999935969022112  90  89.351611930896
302  -0.005925  0  0.5262  -0.0112592634530012  0  0.999936612484259  90  89.3548780927677
303  -0.005895  0  0.5262  -0.0112022616964153  0  0.999937252697831  90  89.3581442588332
304  -0.005865  0  0.5262  -0.0111452598306202  0  0.999937889662807  90  89.3614104290698
305  -0.005835  0  0.5262  -0.0110882578561715  0  0.99993852337917  90  89.3646766034569
306  -0.005805  0  0.5262  -0.0110312557736246  0  0.999939153846901  90  89.3679427819737
307  -0.005775  0  0.5262  -0.0109742535835349  0  0.999939781065982  90  89.3712089645979
308  -0.005745  0  0.5262  -0.0109172512864578  0  0.999940405036394  90  89.3744751513095
309  -0.005715  0  0.5262  -0.0108602488829488  0  0.99994102575812  90  89.3777413420864
310  -0.005685  0  0.5262  -0.0108032463735633  0  0.99994164323114  90  89.3810075369083
311  -0.005655  0  0.5262  -0.0107462437588569  0  0.999942257455437  90  89.3842737357525
312  -0.005625  0  0.5262  -0.0106892410393849  0  0.999942868430993  90  89.3875399385995
313  -0.005595  0  0.5262  -0.0106322382157028  0  0.99994347615779  90  89.3908061454268
314  -0.005565  0  0.5262  -0.0105752352883662  0  0.99994408063581  90  89.3940723562138
315  -0.005535  0  0.5262  -0.0105182322579304  0  0.999944681865036  90  89.3973385709395
316  -0.005505  0  0.5262  -0.010461229124951  0  0.99994527984545  90  89.4006047895817
317  -0.005475  0  0.5262  -0.0104042258899834  0  0.999945874577034  90  89.4038710121201
318  -0.005445  0  0.5262  -0.0103472225535832  0  0.999946466059772  90  89.4071372385332
319  -0.005415  0  0.5262  -0.0102902191163058  0  0.999947054293645  90  89.4104034687991
320  -0.005385  0  0.5262  -0.0102332155787067  0  0.999947639278637  90  89.4136697028977
321  -0.005355  0  0.5262  -0.0101762119413415  0  0.999948221014731  90  89.4169359408073
322  -0.005325  0  0.5262  -0.0101192082047656  0  0.999948799501909  90  89.4202021825069
323  -0.005295  0  0.5262  -0.0100622043695346  0  0.999949374740154  90  89.4234684279748
324  -0.005265  0  0.5262  -0.010005200436204  0  0.999949946729451  90  89.4267346771895
325  -0.005235  0  0.5262  -0.00994819640532935  0  0.999950515469781  90  89.4300009301314
326  -0.005205  0  0.5262  -0.00989119227746613  0  0.999951080961129  90  89.4332671867773
327  -0.005175  0  0.5262  -0.00983418805316989  0  0.999951643203478  90  89.4365334471067
328  -0.005145  0  0.5262  -0.00977718373299618  0  0.999952202196811  90  89.4397997110996
329  -0.005115  0  0.5262  -0.00972017931750054  0  0.999952757941112  90  89.4430659787324
330  -0.005085  0  0.5262  -0.00966317480723853  0  0.999953310436365  90  89.4463322499868
331  -0.005055  0  0.5262  -0.00960617020276569  0  0.999953859682553  90  89.4495985248385
332  -0.005025  0  0.5262  -0.00954916550463759  0  0.999954405679662  90  89.4528648032682
333  -0.004995  0  0.5262  -0.00949216071340979  0  0.999954948427673  90  89.4561310852545
334  -0.004965  0  0.5262  -0.00943515582963785  0  0.999955487926573  90  89.4593973707755
335  -0.004935  0  0.5262  -0.00937815085387735  0  0.999956024176344  90  89.4626636598101
336  -0.004905  0  0.5262  -0.00932114578668387  0  0.999956557176972  90  89.4659299523378
337  -0.004875  0  0.5262  -0.00926414062861298  0  0.999957086928441  90  89.4691962483365
338  -0.004845  0  0.5262  -0.00920713538022028  0  0.999957613430735  90  89.4724625477859
339  -0.004815  0  0.5262  -0.00915013004206135  0  0.999958136683838  90  89.4757288506645
340  -0.004785  0  0.5262  -0.00909312461469179  0  0.999958656687736  90  89.4789951569498
341  -0.004755  0  0.5262  -0.00903611909866719  0  0.999959173442414  90  89.4822614666231
342  -0.004725  0  0.5262  -0.00897911349454317  0  0.999959686947855  90  89.48552777966
343  -0.004695  0  0.5262  -0.00892210780287532  0  0.999960197204046  90  89.4887940960415
344  -0.004665  0  0.5262  -0.00886510202421927  0  0.999960704210971  90  89.4920604157466
345  -0.004635  0  0.5262  -0.00880809615913062  0  0.999961207968615  90  89.4953267387524
346  -0.004605  0  0.5262  -0.00875109020816499  0  0.999961708476964  90  89.4985930650396
347  -0.004575  0  0.5262  -0.00869408417187802  0  0.999962205736003  90  89.5018593945854
348  -0.004545  0  0.5262  -0.00863707805082533  0  0.999962699745717  90  89.5051257273686
349  -0.004515  0  0.5262  -0.00858007184556254  0  0.999963190506093  90  89.5083920633689
350  -0.004485  0  0.5262  -0.00852306555664531  0  0.999963678017115  90  89.5116584025652
351  -0.004455  0  0.5262  -0.00846605918462927  0  0.99996416227877  90  89.5149247449351
352  -0.004425  0  0.5262  -0.00840905273007006  0  0.999964643291043  90  89.5181910904585
353  -0.004395  0  0.5262  -0.00835204619352334  0  0.99996512105392  90  89.5214574391133
354  -0.004365  0  0.5262  -0.00829503957554475  0  0.999965595567388  90  89.524723790879
355  -0.004335  0  0.5262  -0.00823803287668996  0  0.999966066831431  90  89.5279901457334
356  -0.004305  0  0.5262  -0.00818102609751462  0  0.999966534846038  90  89.5312565036571
357  -0.004275  0  0.5262  -0.0081240192385744  0  0.999966999611193  90  89.5345228646268
358  -0.004245  0  0.5262  -0.00806701230042497  0  0.999967461126883  90  89.5377892286222
359  -0.004215  0  0.5262  -0.008010005283622  0  0.999967919393096  90  89.5410555956228
360  -0.004185  0  0.5262  -0.00795299818872117  0  0.999968374409816  90  89.5443219656061
361  -0.004155  0  0.5262  -0.00789599101627816  0  0.999968826177032  90  89.547588338551
362  -0.004125  0  0.5262  -0.00783898376684865  0  0.999969274694729  90  89.550854714437
363  -0.004095  0  0.5262  -0.00778197644098833  0  0.999969719962896  90  89.5541210932429
364  -0.004065  0  0.5262  -0.00772496903925289  0  0.999970161981518  90  89.5573874749463
365  -0.004035  0  0.5262  -0.00766796156219802  0  0.999970600750582  90  89.560653859527
366  -0.004005  0  0.5262  -0.00761095401037944  0  0.999971036270077  90  89.5639202469643
367  -0.003975  0  0.5262  -0.00755394638435283  0  0.999971468539989  90  89.5671866372351
368  -0.003945  0  0.5262  -0.0074969386846739  0  0.999971897560306  90  89.5704530303198
369  -0.003915  0  0.5262  -0.00743993091189837  0  0.999972323331014  90  89.5737194261963
370  -0.003885  0  0.5262  -0.00738292306658194  0  0.999972745852102  90  89.5769858248452
371  -0.003855  0  0.5262  -0.00732591514928034  0  0.999973165123557  90  89.5802522262422
372  -0.003825  0  0.5262  -0.00726890716054928  0  0.999973581145368  90  89.5835186303681
373  -0.003795  0  0.5262  -0.00721189910094449  0  0.999973993917521  90  89.5867850372013
374  -0.003765  0  0.5262  -0.0071548909710217  0  0.999974403440004  90  89.5900514467205
375  -0.003735  0  0.5262  -0.00709788277133663  0  0.999974809712807  90  89.5933178589051
376  -0.003705  0  0.5262  -0.00704087450244502  0  0.999975212735916  90  89.5965842737332
377  -0.003675  0  0.5262  -0.00698386616490261  0  0.999975612509321  90  89.5998506911827
378  -0.003645  0  0.5262  -0.00692685775926514  0  0.999976009033008  90  89.6031171112335
379  -0.003615  0  0.5262  -0.00686984928608835  0  0.999976402306968  90  89.6063835338649
380  -0.003585  0  0.5262  -0.00681284074592799  0  0.999976792331187  90  89.6096499590545
381  -0.003555  0  0.5262  -0.00675583213933981  0  0.999977179105656  90  89.6129163867816
382  -0.003525  0  0.5262  -0.00669882346687956  0  0.999977562630362  90  89.6161828170249
383  -0.003495  0  0.5262  -0.00664181472910301  0  0.999977942905295  90  89.6194492497633
384  -0.003465  0  0.5262  -0.00658480592656591  0  0.999978319930442  90  89.6227156849747
385  -0.003435  0  0.5262  -0.00652779705982403  0  0.999978693705794  90  89.6259821226392
386  -0.003405  0  0.5262  -0.00647078812943312  0  0.999979064231339  90  89.6292485627351
387  -0.003375  0  0.5262  -0.00641377913594897  0  0.999979431507066  90  89.6325150052407
388  -0.003345  0  0.5262  -0.00635677007992734  0  0.999979795532965  90  89.6357814501346
389  -0.003315  0  0.5262  -0.00629976096192402  0  0.999980156309025  90  89.6390478973975
390  -0.003285  0  0.5262  -0.00624275178249477  0  0.999980513835236  90  89.6423143470052
391  -0.003255  0  0.5262  -0.00618574254219539  0  0.999980868111586  90  89.6455807989386
392  -0.003225  0  0.5262  -0.00612873324158165  0  0.999981219138066  90  89.6488472531759
393  -0.003195  0  0.5262  -0.00607172388120935  0  0.999981566914666  90  89.6521137096963
394  -0.003165  0  0.5262  -0.00601471446163427  0  0.999981911441375  90  89.6553801684783
395  -0.003135  0  0.5262  -0.0059577049834122  0  0.999982252718182  90  89.6586466294992
396  -0.003105  0  0.5262  -0.00590069544709896  0  0.999982590745079  90  89.66191309274
397  -0.003075  0  0.5262  -0.00584368585325032  0  0.999982925522055  90  89.6651795581782
398  -0.003045  0  0.5262  -0.00578667620242211  0  0.999983257049101  90  89.6684460257942
399  -0.003015  0  0.5262  -0.00572966649517011  0  0.999983585326206  90  89.6717124955636
400  -0.002985  0  0.5262  -0.00567265673205014  0  0.999983910353362  90  89.6749789674681
401  -0.002955  0  0.5262  -0.00561564691361801  0  0.999984232130558  90  89.6782454414848
402  -0.002925  0  0.5262  -0.00555863704042954  0  0.999984550657785  90  89.6815119175934
403  -0.002895  0  0.5262  -0.00550162711304053  0  0.999984865935035  90  89.6847783957727
404  -0.002865  0  0.5262  -0.0054446171320068  0  0.999985177962297  90  89.6880448760002
405  -0.002835  0  0.5262  -0.00538760709788419  0  0.999985486739562  90  89.6913113582562
406  -0.002805  0  0.5262  -0.0053305970112285  0  0.999985792266822  90  89.6945778425187
407  -0.002775  0  0.5262  -0.00527358687259557  0  0.999986094544068  90  89.697844328767
408  -0.002745  0  0.5262  -0.00521657668254122  0  0.99998639357129  90  89.7011108169783
409  -0.002715  0  0.5262  -0.00515956644162129  0  0.999986689348481  90  89.7043773071335
410  -0.002685  0  0.5262  -0.00510255615039161  0  0.99998698187563  90  89.70764379921
411  -0.002655  0  0.5262  -0.00504554580940802  0  0.999987271152731  90  89.710910293188
412  -0.002625  0  0.5262  -0.00498853541922635  0  0.999987557179774  90  89.7141767890441
413  -0.002595  0  0.5262  -0.00493152498040245  0  0.999987839956751  90  89.7174432867586
414  -0.002565  0  0.5262  -0.00487451449349215  0  0.999988119483653  90  89.7207097863098
415  -0.002535  0  0.5262  -0.00481750395905131  0  0.999988395760473  90  89.7239762876759
416  -0.002505  0  0.5262  -0.00476049337763577  0  0.999988668787203  90  89.727242790838
417  -0.002475  0  0.5262  -0.00470348274980138  0  0.999988938563834  90  89.7305092957723
418  -0.002445  0  0.5262  -0.004646472076104  0  0.999989205090358  90  89.7337758024575
419  -0.002415  0  0.5262  -0.00458946135709948  0  0.999989468366768  90  89.7370423108755
420  -0.002385  0  0.5262  -0.00453245059334367  0  0.999989728393057  90  89.7403088210014
421  -0.002355  0  0.5262  -0.00447543978539244  0  0.999989985169215  90  89.7435753328147
422  -0.002325  0  0.5262  -0.00441842893380165  0  0.999990238695237  90  89.7468418462964
423  -0.002295  0  0.5262  -0.00436141803912715  0  0.999990488971114  90  89.7501083614237
424  -0.002265  0  0.5262  -0.00430440710192482  0  0.99999073599684  90  89.7533748781752
425  -0.002235  0  0.5262  -0.00424739612275053  0  0.999990979772406  90  89.7566413965299
426  -0.002205  0  0.5262  -0.00419038510216013  0  0.999991220297806  90  89.7599079164668
427  -0.002175  0  0.5262  -0.00413337404070952  0  0.999991457573033  90  89.7631744379637
428  -0.002145  0  0.5262  -0.00407636293895455  0  0.99999169159808  90  89.7664409610002
429  -0.002115  0  0.5262  -0.0040193517974511  0  0.99999192237294  90  89.7697074855562
430  -0.002085  0  0.5262  -0.00396234061675505  0  0.999992149897606  90  89.7729740116084
431  -0.002055  0  0.5262  -0.00390532939742229  0  0.999992374172072  90  89.7762405391356
432  -0.002025  0  0.5262  -0.00384831814000869  0  0.999992595196331  90  89.7795070681183
433  -0.001995  0  0.5262  -0.00379130684507013  0  0.999992812970377  90  89.782773598534
434  -0.001965  0  0.5262  -0.0037342955131625  0  0.999993027494202  90  89.7860401303621
435  -0.001935  0  0.5262  -0.00367728414484169  0  0.999993238767802  90  89.7893066635823
436  -0.001905  0  0.5262  -0.00362027274066358  0  0.999993446791169  90  89.7925731981711
437  -0.001875  0  0.5262  -0.00356326130118407  0  0.999993651564298  90  89.7958397341069
438  -0.001845  0  0.5262  -0.00350624982695905  0  0.999993853087183  90  89.7991062713719
439  -0.001815  0  0.5262  -0.00344923831854441  0  0.999994051359818  90  89.8023728099414
440  -0.001785  0  0.5262  -0.00339222677649605  0  0.999994246382196  90  89.8056393497965
441  -0.001755  0  0.5262  -0.00333521520136986  0  0.999994438154313  90  89.8089058909149
442  -0.001725  0  0.5262  -0.00327820359372174  0  0.999994626676163  90  89.8121724332762
443  -0.001695  0  0.5262  -0.0032211919541076  0  0.99999481194774  90  89.8154389768588
444  -0.001665  0  0.5262  -0.00316418028308333  0  0.999994993969038  90  89.8187055216389
445  -0.001635  0  0.5262  -0.00310716858120484  0  0.999995172740053  90  89.8219720675992
446  -0.001605  0  0.5262  -0.00305015684902803  0  0.999995348260779  90  89.8252386147167
447  -0.001575  0  0.5262  -0.00299314508710881  0  0.999995520531211  90  89.8285051629707
448  -0.001545  0  0.5262  -0.00293613329600309  0  0.999995689551344  90  89.8317717123387
449  -0.001515  0  0.5262  -0.00287912147626678  0  0.999995855321173  90  89.8350382628005
450  -0.001485  0  0.5262  -0.00282210962845578  0  0.999996017840694  90  89.8383048143343
451  -0.001455  0  0.5262  -0.00276509775312601  0  0.999996177109901  90  89.8415713669206
452  -0.001425  0  0.5262  -0.00270808585083338  0  0.999996333128789  90  89.8448379205359
453  -0.001395  0  0.5262  -0.00265107392213381  0  0.999996485897355  90  89.8481044751591
454  -0.001365  0  0.5262  -0.00259406196758321  0  0.999996635415594  90  89.851371030772
455  -0.001335  0  0.5262  -0.0025370499877375  0  0.999996781683501  90  89.8546375873471
456  -0.001305  0  0.5262  -0.0024800379831526  0  0.999996924701072  90  89.8579041448719
457  -0.001275  0  0.5262  -0.00242302595438443  0  0.999997064468303  90  89.8611707033167
458  -0.001245  0  0.5262  -0.00236601390198891  0  0.999997200985191  90  89.864437262665
459  -0.001215  0  0.5262  -0.00230900182652195  0  0.999997334251729  90  89.8677038228956
460  -0.001185  0  0.5262  -0.00225198972853949  0  0.999997464267916  90  89.8709703839876
461  -0.001155  0  0.5262  -0.00219497760859745  0  0.999997591033747  90  89.8742369459149
462  -0.001125  0  0.5262  -0.00213796546725175  0  0.999997714549219  90  89.877503508663
463  -0.001095  0  0.5262  -0.00208095330505832  0  0.999997834814327  90  89.8807700722065
464  -0.001065  0  0.5262  -0.00202394112257309  0  0.999997951829069  90  89.8840366365233
465  -0.001035  0  0.5262  -0.00196692892035198  0  0.99999806559344  90  89.8873032015945
466  -0.001005  0  0.5262  -0.00190991669895092  0  0.999998176107438  90  89.8905697673989
467  -0.000975  0  0.5262  -0.00185290445892585  0  0.99999828337106  90  89.8938363339157
468  -0.000945  0  0.5262  -0.0017958922008327  0  0.999998387384301  90  89.8971029011212
469  -0.000915  0  0.5262  -0.00173887992522739  0  0.99999848814716  90  89.9003694689991
470  -0.000885  0  0.5262  -0.00168186763266586  0  0.999998585659633  90  89.9036360375194
471  -0.000855  0  0.5262  -0.00162485532370404  0  0.999998679921717  90  89.9069026066707
472  -0.000825  0  0.5262  -0.00156784299889788  0  0.99999877093341  90  89.9101691764236
473  -0.000795  0  0.5262  -0.00151083065880329  0  0.999998858694709  90  89.9134357467605
474  -0.000765  0  0.5262  -0.00145381830397623  0  0.999998943205611  90  89.9167023176608
475  -0.000735  0  0.5262  -0.00139680593497262  0  0.999999024466114  90  89.9199688891044
476  -0.000705  0  0.5262  -0.00133979355234841  0  0.999999102476216  90  89.9232354610677
477  -0.000675  0  0.5262  -0.00128278115665952  0  0.999999177235914  90  89.9265020335271
478  -0.000645  0  0.5262  -0.00122576874846191  0  0.999999248745206  90  89.9297686064697
479  -0.000615  0  0.5262  -0.00116875632831151  0  0.999999317004089  90  89.9330351798634
480  -0.000585  0  0.5262  -0.00111174389676425  0  0.999999382012563  90  89.9363017536975
481  -0.000555  0  0.5262  -0.00105473145437609  0  0.999999443770625  90  89.9395683279403
482  -0.000525  0  0.5262  -0.000997719001702952  0  0.999999502278273  90  89.942834902584
483  -0.000495  0  0.5262  -0.000940706539300789  0  0.999999557535506  90  89.9461014775915
484  -0.000465  0  0.5262  -0.00088369406772554  0  0.999999609542321  90  89.9493680529512
485  -0.000435  0  0.5262  -0.000826681587533148  0  0.999999658298718  90  89.9526346286401
486  -0.000405  0  0.5262  -0.000769669099279554  0  0.999999703804695  90  89.9559012046356
487  -0.000375  0  0.5262  -0.000712656603520703  0  0.999999746060251  90  89.9591677809249
488  -0.000345  0  0.5262  -0.000655644100812538  0  0.999999785065383  90  89.9624343574707
489  -0.000315  0  0.5262  -0.000598631591711002  0  0.999999820820093  90  89.9657009342733
490  -0.000285  0  0.5262  -0.00054161907677204  0  0.999999853324377  90  89.9689675112851
491  -0.000255  0  0.5262  -0.000484606556551597  0  0.999999882578236  90  89.9722340885008
492  -0.000225  0  0.5262  -0.000427594031605616  0  0.999999908581668  90  89.9755006659102
493  -0.000195  0  0.5262  -0.000370581502490044  0  0.999999931334673  90  89.9787672434616
494  -0.000165  0  0.5262  -0.000313568969760825  0  0.999999950837249  90  89.9820338211647
495  -0.000135  0  0.5262  -0.000256556433973905  0  0.999999967089398  90  89.9853003989613
496  -0.000105  0  0.5262  -0.000199543895685229  0  0.999999980091117  90  89.9885669768827
497  -7.5e-05  0  0.5262  -0.000142531355450742  0  0.999999989842406  90  89.9918335548728
498  -4.5e-05  0  0.5262  -8.55188138263911e-05  0  0.999999996343266  90  89.9951001329412
499  -1.5e-05  0  0.5262  -2.85062713681213e-05  0  0.999999999593696  90  89.9983667109313
500  1.5e-05  0  0.5262  2.85062713681213e-05  0  0.999999999593696  270  89.9983667109313
501  4.5e-05  0  0.5262  8.55188138263911e-05  0  0.999999996343266  270  89.9951001329412
502  7.5e-05  0  0.5262  0.000142531355450742  0  0.999999989842406  270  89.9918335548728
503  0.000105  0  0.5262  0.000199543895685229  0  0.999999980091117  270  89.9885669768827
504  0.000135  0  0.5262  0.000256556433973905  0  0.999999967089398  270  89.9853003989613
505  0.000165  0  0.5262  0.000313568969760825  0  0.999999950837249  270  89.9820338211647
506  0.000195  0  0.5262  0.000370581502490044  0  0.999999931334673  270  89.9787672434616
507  0.000225  0  0.5262  0.000427594031605616  0  0.999999908581668  270  89.9755006659102
508  0.000255  0  0.5262  0.000484606556551597  0  0.999999882578236  270  89.9722340885008
509  0.000285  0  0.5262  0.00054161907677204  0  0.999999853324377  270  89.9689675112851
510  0.000315  0  0.5262  0.000598631591711002  0  0.999999820820093  270  89.9657009342733
511  0.000345  0  0.5262  0.000655644100812538  0  0.999999785065383  270  89.9624343574707
512  0.000375  0  0.5262  0.000712656603520703  0  0.999999746060251  270  89.9591677809249
513  0.000405  0  0.5262  0.000769669099279554  0  0.999999703804695  270  89.9559012046356
514  0.000435  0  0.5262  0.000826681587533148  0  0.999999658298718  270  89.9526346286401
515  0.000465  0  0.5262  0.00088369406772554  0  0.999999609542321  270  89.9493680529512
516  0.000495  0  0.5262  0.000940706539300789  0  0.999999557535506  270  89.9461014775915
517  0.000525  0  0.5262  0.000997719001702952  0  0.999999502278273  270  89.942834902584
518  0.000555  0  0.5262  0.00105473145437609  0  0.999999443770625  270  89.9395683279403
519  0.000585  0  0.5262  0.00111174389676425  0  0.999999382012563  270  89.9363017536975
520  0.000615  0  0.5262  0.00116875632831151  0  0.999999317004089  270  89.9330351798634
521  0.000645  0  0.5262  0.00122576874846191  0  0.999999248745206  270  89.9297686064697
522  0.000675  0  0.5262  0.00128278115665952  0  0.999999177235914  270  89.9265020335271
523  0.000705  0  0.5262  0.00133979355234841  0  0.999999102476216  270  89.9232354610677
524  0.000735  0  0.5262  0.00139680593497262  0  0.999999024466114  270  89.9199688891044
525  0.000765  0  0.5262  0.00145381830397623  0  0.999998943205611  270  89.9167023176608
526  0.000795  0  0.5262  0.00151083065880329  0  0.999998858694709  270  89.9134357467605
527  0.000825  0  0.5262  0.00156784299889788  0  0.99999877093341  270  89.9101691764236
528  0.000855  0  0.5262  0.00162485532370404  0  0.999998679921717  270  89.9069026066707
529  0.000885  0  0.5262  0.00168186763266586  0  0.999998585659633  270  89.9036360375194
530  0.000915  0  0.5262  0.00173887992522739  0  0.99999848814716  270  89.9003694689991
531  0.000945  0  0.5262  0.0017958922008327  0  0.999998387384301  270  89.8971029011212
532  0.000975  0  0.5262  0.00185290445892585  0  0.99999828337106  270  89.8938363339157
533  0.001005  0  0.5262  0.00190991669895092  0  0.999998176107438  270  89.8905697673989
534  0.001035  0  0.5262  0.00196692892035198  0  0.99999806559344  270  89.8873032015945
535  0.001065  0  0.5262  0.00202394112257309  0  0.999997951829069  270  89.8840366365233
536  0.001095  0  0.5262  0.00208095330505832  0  0.999997834814327  270  89.8807700722065
537  0.001125  0  0.5262  0.00213796546725175  0  0.999997714549219  270  89.877503508663
538  0.001155  0  0.5262  0.00219497760859745  0  0.999997591033747  270  89.8742369459149
539  0.001185  0  0.5262  0.00225198972853949  0  0.999997464267916  270  89.8709703839876
540  0.001215  0  0.5262  0.00230900182652195  0  0.999997334251729  270  89.8677038228956
541  0.001245  0  0.5262  0.00236601390198891  0  0.999997200985191  270  89.864437262665
542  0.001275  0  0.5262  0.00242302595438443  0  0.999997064468303  270  89.8611707033167
543  0.001305  0  0.5262  0.0024800379831526  0  0.999996924701072  270  89.8579041448719
544  0.001335  0  0.5262  0.0025370499877375  0  0.999996781683501  270  89.8546375873471
545  0.001365  0  0.5262  0.00259406196758321  0  0.999996635415594  270  89.851371030772
546  0.001395  0  0.5262  0.00265107392213381  0  0.999996485897355  270  89.8481044751591
547  0.001425  0  0.5262  0.00270808585083338  0  0.999996333128789  270  89.8448379205359
548  0.001455  0  0.5262  0.00276509775312601  0  0.999996177109901  270  89.8415713669206
549  0.001485  0  0.5262  0.00282210962845578  0  0.999996017840694  270  89.8383048143343
550  0.001515  0  0.5262  0.00287912147626678  0  0.999995855321173  270  89.8350382628005
551  0.001545  0  0.5262  0.00293613329600309  0  0.999995689551344  270  89.8317717123387
552  0.001575  0  0.5262  0.00299314508710881  0  0.999995520531211  270  89.8285051629707
553  0.001605  0  0.5262  0.00305015684902803  0  0.999995348260779  270  89.8252386147167
554  0.001635  0  0.5262  0.00310716858120484  0  0.999995172740053  270  89.8219720675992
555  0.001665  0  0.5262  0.00316418028308333  0  0.999994993969038  270  89.8187055216389
556  0.001695  0  0.5262  0.0032211919541076  0  0.99999481194774  270  89.8154389768588
557  0.001725  0  0.5262  0.00327820359372174  0  0.999994626676163  270  89.8121724332762
558  0.001755  0  0.5262  0.00333521520136986  0  0.999994438154313  270  89.8089058909149
559  0.001785  0  0.5262  0.00339222677649605  0  0.999994246382196  270  89.8056393497965
560  0.001815  0  0.5262  0.00344923831854441  0  0.999994051359818  270  89.8023728099414
561  0.001845  0  0.5262  0.00350624982695905  0  0.999993853087183  270  89.7991062713719
562  0.001875  0  0.5262  0.00356326130118407  0  0.999993651564298  270  89.7958397341069
563  0.001905  0  0.5262  0.00362027274066358  0  0.999993446791169  270  89.7925731981711
564  0.001935  0  0.5262  0.00367728414484169  0  0.999993238767802  270  89.7893066635823
565  0.001965  0  0.5262  0.0037342955131625  0  0.999993027494202  270  89.7860401303621
566  0.001995  0  0.5262  0.00379130684507013  0  0.999992812970377  270  89.782773598534
567  0.002025  0  0.5262  0.00384831814000869  0  0.999992595196331  270  89.7795070681183
568  0.002055  0  0.5262  0.00390532939742229  0  0.999992374172072  270  89.7762405391356
569  0.002085  0  0.5262  0.00396234061675505  0  0.999992149897606  270  89.7729740116084
570  0.002115  0  0.5262  0.0040193517974511  0  0.99999192237294  270  89.7697074855562
571  0.002145  0  0.5262  0.00407636293895455  0  0.99999169159808  270  89.7664409610002
572  0.002175  0  0.5262  0.00413337404070952  0  0.999991457573033  270  89.7631744379637
573  0.002205  0  0.5262  0.00419038510216013  0  0.999991220297806  270  89.7599079164668
574  0.002235  0  0.5262  0.00424739612275053  0  0.999990979772406  270  89.7566413965299
575  0.002265  0  0.5262  0.00430440710192482  0  0.99999073599684  270  89.7533748781752
576  0.002295  0  0.5262  0.00436141803912715  0  0.999990488971114  270  89.7501083614237
577  0.002325  0  0.5262  0.00441842893380165  0  0.999990238695237  270  89.7468418462964
578  0.002355  0  0.5262  0.00447543978539244  0  0.999989985169215  270  89.7435753328147
579  0.002385  0  0.5262  0.00453245059334367  0  0.999989728393057  270  89.7403088210014
580  0.002415  0  0.5262  0.00458946135709948  0  0.999989468366768  270  89.7370423108755
581  0.002445  0  0.5262  0.004646472076104  0  0.999989205090358  270  89.7337758024575
582  0.002475  0  0.5262  0.00470348274980138  0  0.999988938563834  270  89.7305092957723
583  0.002505  0  0.5262  0.00476049337763577  0  0.999988668787203  270  89.727242790838
584  0.002535  0  0.5262  0.00481750395905131  0  0.999988395760473  270  89.7239762876759
585  0.002565  0  0.5262  0.00487451449349215  0  0.999988119483653  270  89.7207097863098
586  0.002595  0  0.5262  0.00493152498040245  0  0.999987839956751  270  89.7174432867586
587  0.002625  0  0.5262  0.00498853541922635  0  0.999987557179774  270  89.7141767890441
588  0.002655  0  0.5262  0.00504554580940802  0  0.999987271152731  270  89.710910293188
589  0.002685  0  0.5262  0.00510255615039161  0  0.99998698187563  270  89.70764379921
590  0.002715  0  0.5262  0.00515956644162129  0  0.999986689348481  270  89.7043773071335
591  0.002745  0  0.5262  0.00521657668254122  0  0.99998639357129  270  89.7011108169783
592  0.002775  0  0.5262  0.00527358687259557  0  0.999986094544068  270  89.697844328767
593  0.002805  0  0.5262  0.0053305970112285  0  0.999985792266822  270  89.6945778425187
594  0.002835  0  0.5262  0.00538760709788419  0  0.999985486739562  270  89.6913113582562
595  0.002865  0  0.5262  0.0054446171320068  0  0.999985177962297  270  89.6880448760002
596  0.002895  0  0.5262  0.00550162711304053  0  0.999984865935035  270  89.6847783957727
597  0.002925  0  0.5262  0.00555863704042954  0  0.999984550657785  270  89.6815119175934
598  0.002955  0  0.5262  0.00561564691361801  0  0.999984232130558  270  89.6782454414848
599  0.002985  0  0.5262  0.00567265673205014  0  0.999983910353362  270  89.6749789674681
600  0.003015  0  0.5262  0.00572966649517011  0  0.999983585326206  270  89.6717124955636
601  0.003045  0  0.5262  0.00578667620242211  0  0.999983257049101  270  89.6684460257942
602  0.003075  0  0.5262  0.00584368585325032  0  0.999982925522055  270  89.6651795581782
603  0.003105  0  0.5262  0.00590069544709896  0  0.999982590745079  270  89.66191309274
604  0.003135  0  0.5262  0.0059577049834122  0  0.999982252718182  270  89.6586466294992
605  0.003165  0  0.5262  0.00601471446163427  0  0.999981911441375  270  89.6553801684783
606  0.003195  0  0.5262  0.00607172388120935  0  0.999981566914666  270  89.6521137096963
607  0.003225  0  0.5262  0.00612873324158165  0  0.999981219138066  270  89.6488472531759
608  0.003255  0  0.5262  0.00618574254219539  0  0.999980868111586  270  89.6455807989386
609  0.003285  0  0.5262  0.00624275178249477  0  0.999980513835236  270  89.6423143470052
610  0.003315  0  0.5262  0.00629976096192402  0  0.999980156309025  270  89.6390478973975
611  0.003345  0  0.5262  0.00635677007992734  0  0.999979795532965  270  89.6357814501346
612  0.003375  0  0.5262  0.00641377913594897  0  0.999979431507066  270  89.6325150052407
613  0.003405  0  0.5262  0.00647078812943312  0  0.999979064231339  270  89.6292485627351
614  0.003435  0  0.5262  0.00652779705982403  0  0.999978693705794  270  89.6259821226392
615  0.003465  0  0.5262  0.00658480592656591  0  0.999978319930442  270  89.6227156849747
616  0.003495  0  0.5262  0.00664181472910301  0  0.999977942905295  270  89.6194492497633
617  0.003525  0  0.5262  0.00669882346687956  0  0.999977562630362  270  89.6161828170249
618  0.003555  0  0.5262  0.00675583213933981  0  0.999977179105656  270  89.6129163867816
619  0.003585  0  0.5262  0.00681284074592799  0  0.999976792331187  270  89.6096499590545
620  0.003615  0  0.5262  0.00686984928608835  0  0.999976402306968  270  89.6063835338649
621  0.003645  0  0.5262  0.00692685775926514  0  0.999976009033008  270  89.6031171112335
622  0.003675  0  0.5262  0.00698386616490261  0  0.999975612509321  270  89.5998506911827
623  0.003705  0  0.5262  0.00704087450244502  0  0.999975212735916  270  89.5965842737332
624  0.003735  0  0.5262  0.00709788277133663  0  0.999974809712807  270  89.5933178589051
625  0.003765  0  0.5262  0.0071548909710217  0  0.999974403440004  270  89.5900514467205
626  0.003795  0  0.5262  0.00721189910094449  0  0.999973993917521  270  89.5867850372013
627  0.003825  0  0.5262  0.00726890716054928  0  0.999973581145368  270  89.5835186303681
628  0.003855  0  0.5262  0.00732591514928034  0  0.999973165123557  270  89.5802522262422
629  0.003885  0  0.5262  0.00738292306658194  0  0.999972745852102  270  89.5769858248452
630  0.003915  0  0.5262  0.00743993091189837  0  0.999972323331014  270  89.5737194261963
631  0.003945  0  0.5262  0.0074969386846739  0  0.999971897560306  270  89.5704530303198
632  0.003975  0  0.5262  0.00755394638435283  0  0.999971468539989  270  89.5671866372351
633  0.004005  0  0.5262  0.00761095401037944  0  0.999971036270077  270  89.5639202469643
634  0.004035  0  0.5262  0.00766796156219802  0  0.999970600750582  270  89.560653859527
635  0.004065  0  0.5262  0.00772496903925289  0  0.999970161981518  270  89.5573874749463
636  0.004095  0  0.5262  0.00778197644098833  0  0.999969719962896  270  89.5541210932429
637  0.004125  0  0.5262  0.00783898376684865  0  0.999969274694729  270  89.550854714437
638  0.004155  0  0.5262  0.00789599101627816  0  0.999968826177032  270  89.547588338551
639  0.004185  0  0.5262  0.00795299818872117  0  0.999968374409816  270  89.5443219656061
640  0.004215  0  0.5262  0.008010005283622  0  0.999967919393096  270  89.5410555956228
641  0.004245  0  0.5262  0.00806701230042497  0  0.999967461126883  270  89.5377892286222
642  0.004275  0  0.5262  0.0081240192385744  0  0.999966999611193  270  89.5345228646268
643  0.004305  0  0.5262  0.00818102609751462  0  0.999966534846038  270  89.5312565036571
644  0.004335  0  0.5262  0.00823803287668996  0  0.999966066831431  270  89.5279901457334
645  0.004365  0  0.5262  0.00829503957554475  0  0.999965595567388  270  89.524723790879
646  0.004395  0  0.5262  0.00835204619352334  0  0.99996512105392  270  89.5214574391133
647  0.004425  0  0.5262  0.00840905273007006  0  0.999964643291043  270  89.5181910904585
648  0.004455  0  0.5262  0.00846605918462927  0  0.99996416227877  270  89.5149247449351
649  0.004485  0  0.5262  0.00852306555664531  0  0.999963678017115  270  89.5116584025652
650  0.004515  0  0.5262  0.00858007184556254  0  0.999963190506093  270  89.5083920633689
651  0.004545  0  0.5262  0.00863707805082533  0  0.999962699745717  270  89.5051257273686
652  0.004575  0  0.5262  0.00869408417187802  0  0.999962205736003  270  89.5018593945854
653  0.004605  0  0.5262  0.00875109020816499  0  0.999961708476964  270  89.4985930650396
654  0.004635  0  0.5262  0.00880809615913062  0  0.999961207968615  270  89.4953267387524
655  0.004665  0  0.5262  0.00886510202421927  0  0.999960704210971  270  89.4920604157466
656  0.004695  0  0.5262  0.00892210780287532  0  0.999960197204046  270  89.4887940960415
657  0.004725  0  0.5262  0.00897911349454317  0  0.999959686947855  270  89.48552777966
658  0.004755  0  0.5262  0.00903611909866719  0  0.999959173442414  270  89.4822614666231
659  0.004785  0  0.5262  0.00909312461469179  0  0.999958656687736  270  89.4789951569498
660  0.004815  0  0.5262  0.00915013004206135  0  0.999958136683838  270  89.4757288506645
661  0.004845  0  0.5262  0.00920713538022028  0  0.999957613430735  270  89.4724625477859
662  0.004875  0  0.5262  0.00926414062861298  0  0.999957086928441  270  89.4691962483365
663  0.004905  0  0.5262  0.00932114578668387  0  0.999956557176972  270  89.4659299523378
664  0.004935  0  0.5262  0.00937815085387735  0  0.999956024176344  270  89.4626636598101
665  0.004965  0  0.5262  0.00943515582963785  0  0.999955487926573  270  89.4593973707755
666  0.004995  0  0.5262  0.00949216071340979  0  0.999954948427673  270  89.4561310852545
667  0.005025  0  0.5262  0.00954916550463759  0  0.999954405679662  270  89.4528648032682
668  0.005055  0  0.5262  0.00960617020276569  0  0.999953859682553  270  89.4495985248385
669  0.005085  0  0.5262  0.00966317480723853  0  0.999953310436365  270  89.4463322499868
670  0.005115  0  0.5262  0.00972017931750054  0  0.999952757941112  270  89.4430659787324
671  0.005145  0  0.5262  0.00977718373299618  0  0.999952202196811  270  89.4397997110996
672  0.005175  0  0.5262  0.00983418805316989  0  0.999951643203478  270  89.4365334471067
673  0.005205  0  0.5262  0.00989119227746613  0  0.999951080961129  270  89.4332671867773
674  0.005235  0  0.5262  0.00994819640532935  0  0.999950515469781  270  89.4300009301314
675  0.005265  0  0.5262  0.010005200436204  0  0.999949946729451  270  89.4267346771895
676  0.005295  0  0.5262  0.0100622043695346  0  0.999949374740154  270  89.4234684279748
677  0.005325  0  0.5262  0.0101192082047656  0  0.999948799501909  270  89.4202021825069
678  0.005355  0  0.5262  0.0101762119413415  0  0.999948221014731  270  89.4169359408073
679  0.005385  0  0.5262  0.0102332155787067  0  0.999947639278637  270  89.4136697028977
680  0.005415  0  0.5262  0.0102902191163058  0  0.999947054293645  270  89.4104034687991
681  0.005445  0  0.5262  0.0103472225535832  0  0.999946466059772  270  89.4071372385332
682  0.005475  0  0.5262  0.0104042258899834  0  0.999945874577034  270  89.4038710121201
683  0.005505  0  0.5262  0.010461229124951  0  0.99994527984545  270  89.4006047895817
684  0.005535  0  0.5262  0.0105182322579304  0  0.999944681865036  270  89.3973385709395
685  0.005565  0  0.5262  0.0105752352883662  0  0.99994408063581  270  89.3940723562138
686  0.005595  0  0.5262  0.0106322382157028  0  0.99994347615779  270  89.3908061454268
687  0.005625  0  0.5262  0.0106892410393849  0  0.999942868430993  270  89.3875399385995
688  0.005655  0  0.5262  0.0107462437588569  0  0.999942257455437  270  89.3842737357525
689  0.005685  0  0.5262  0.0108032463735633  0  0.99994164323114  270  89.3810075369083
690  0.005715  0  0.5262  0.0108602488829488  0  0.99994102575812  270  89.3777413420864
691  0.005745  0  0.5262  0.0109172512864578  0  0.999940405036394  270  89.3744751513095
692  0.005775  0  0.5262  0.0109742535835349  0  0.999939781065982  270  89.3712089645979
693  0.005805  0  0.5262  0.0110312557736246  0  0.999939153846901  270  89.3679427819737
694  0.005835  0  0.5262  0.0110882578561715  0  0.99993852337917  270  89.3646766034569
695  0.005865  0  0.5262  0.0111452598306202  0  0.999937889662807  270  89.3614104290698
696  0.005895  0  0.5262  0.0112022616964153  0  0.999937252697831  270  89.3581442588332
697  0.005925  0  0.5262  0.0112592634530012  0  0.999936612484259  270  89.3548780927677
698  0.005955  0  0.5262  0.0113162650998227  0  0.999935969022112  270  89.351611930896
699  0.005985  0  0.5262  0.0113732666363242  0  0.999935322311408  270  89.3483457732384
700  0.006015  0  0.5262  0.0114302680619504  0  0.999934672352165  270  89.345079619816
701  0.006045  0  0.5262  0.0114872693761458  0  0.999934019144403  270  89.3418134706504
702  0.006075  0  0.5262  0.0115442705783551  0  0.999933362688141  270  89.3385473257616
703  0.006105  0  0.5262  0.0116012716680229  0  0.999932702983398  270  89.3352811851733
704  0.006135  0  0.5262  0.0116582726445938  0  0.999932040030193  270  89.3320150489044
705  0.006165  0  0.5262  0.0117152735075123  0  0.999931373828546  270  89.3287489169771
706  0.006195  0  0.5262  0.0117722742562232  0  0.999930704378477  270  89.3254827894133
707  0.006225  0  0.5262  0.0118292748901711  0  0.999930031680003  270  89.3222166662324
708  0.006255  0  0.5262  0.0118862754088005  0  0.999929355733147  270  89.3189505474572
709  0.006285  0  0.5262  0.0119432758115562  0  0.999928676537926  270  89.3156844331083
710  0.006315  0  0.5262  0.0120002760978827  0  0.999927994094362  270  89.3124183232066
711  0.006345  0  0.5262  0.0120572762672248  0  0.999927308402474  270  89.3091522177743
712  0.006375  0  0.5262  0.0121142763190271  0  0.999926619462281  270  89.3058861168313
713  0.006405  0  0.5262  0.0121712762527342  0  0.999925927273805  270  89.3026200204003
714  0.006435  0  0.5262  0.0122282760677908  0  0.999925231837066  270  89.2993539285011
715  0.006465  0  0.5262  0.0122852757636416  0  0.999924533152083  270  89.2960878411559
716  0.006495  0  0.5262  0.0123422753397313  0  0.999923831218878  270  89.2928217583856
717  0.006525  0  0.5262  0.0123992747955045  0  0.99992312603747  270  89.2895556802112
718  0.006555  0  0.5262  0.012456274130406  0  0.99992241760788  270  89.2862896066547
719  0.006585  0  0.5262  0.0125132733438805  0  0.99992170593013  270  89.283023537736
720  0.006615  0  0.5262  0.0125702724353726  0  0.99992099100424  270  89.2797574734775
721  0.006645  0  0.5262  0.012627271404327  0  0.99992027283023  270  89.2764914138999
722  0.006675  0  0.5262  0.0126842702501886  0  0.999919551408122  270  89.2732253590244
723  0.006705  0  0.5262  0.0127412689724019  0  0.999918826737937  270  89.2699593088719
724  0.006735  0  0.5262  0.0127982675704117  0  0.999918098819696  270  89.2666932634645
725  0.006765  0  0.5262  0.0128552660436629  0  0.999917367653421  270  89.2634272228229
726  0.006795  0  0.5262  0.0129122643916  0  0.999916633239132  270  89.2601611869685
727  0.006825  0  0.5262  0.0129692626136678  0  0.999915895576852  270  89.256895155922
728  0.006855  0  0.5262  0.0130262607093112  0  0.999915154666601  270  89.2536291297052
729  0.006885  0  0.5262  0.0130832586779748  0  0.999914410508402  270  89.2503631083389
730  0.006915  0  0.5262  0.0131402565191035  0  0.999913663102276  270  89.2470970918443
731  0.006945  0  0.5262  0.0131972542321419  0  0.999912912448245  270  89.2438310802432
732  0.006975  0  0.5262  0.0132542518165349  0  0.999912158546332  270  89.2405650735564
733  0.007005  0  0.5262  0.0133112492717273  0  0.999911401396557  270  89.237299071805
734  0.007035  0  0.5262  0.0133682465971638  0  0.999910640998943  270  89.2340330750103
735  0.007065  0  0.5262  0.0134252437922892  0  0.999909877353513  270  89.2307670831934
736  0.007095  0  0.5262  0.0134822408565484  0  0.999909110460289  270  89.2275010963761
737  0.007125  0  0.5262  0.0135392377893861  0  0.999908340319293  270  89.224235114579
738  0.007155  0  0.5262  0.0135962345902472  0  0.999907566930547  270  89.2209691378235
739  0.007185  0  0.5262  0.0136532312585765  0  0.999906790294075  270  89.2177031661304
740  0.007215  0  0.5262  0.0137102277938187  0  0.999906010409899  270  89.2144371995221
741  0.007245  0  0.5262  0.0137672241954189  0  0.999905227278042  270  89.2111712380187
742  0.007275  0  0.5262  0.0138242204628217  0  0.999904440898527  270  89.2079052816413
743  0.007305  0  0.5262  0.0138812165954721  0  0.999903651271376  270  89.2046393304124
744  0.007335  0  0.5262  0.0139382125928148  0  0.999902858396613  270  89.2013733843515
745  0.007365  0  0.5262  0.0139952084542948  0  0.999902062274261  270  89.1981074434811
746  0.007395  0  0.5262  0.0140522041793569  0  0.999901262904344  270  89.1948415078223
747  0.007425  0  0.5262  0.0141091997674461  0  0.999900460286884  270  89.1915755773955
748  0.007455  0  0.5262  0.014166195218007  0  0.999899654421905  270  89.1883096522227
749  0.007485  0  0.5262  0.0142231905304848  0  0.999898845309431  270  89.185043732325
750  0.007515  0  0.5262  0.0142801857043242  0  0.999898032949485  270  89.1817778177226
751  0.007545  0  0.5262  0.0143371807389701  0  0.999897217342092  270  89.1785119084382
752  0.007575  0  0.5262  0.0143941756338675  0  0.999896398487274  270  89.1752460044921
753  0.007605  0  0.5262  0.0144511703884613  0  0.999895576385056  270  89.1719801059062
754  0.007635  0  0.5262  0.0145081650021964  0  0.999894751035462  270  89.1687142127009
755  0.007665  0  0.5262  0.0145651594745177  0  0.999893922438516  270  89.1654483248975
756  0.007695  0  0.5262  0.0146221538048702  0  0.999893090594243  270  89.1621824425182
757  0.007725  0  0.5262  0.0146791479926988  0  0.999892255502666  270  89.158916565583
758  0.007755  0  0.5262  0.0147361420374484  0  0.99989141716381  270  89.1556506941135
759  0.007785  0  0.5262  0.014793135938564  0  0.999890575577699  270  89.1523848281311
760  0.007815  0  0.5262  0.0148501296954906  0  0.999889730744359  270  89.1491189676571
761  0.007845  0  0.5262  0.0149071233076732  0  0.999888882663814  270  89.1458531127126
762  0.007875  0  0.5262  0.0149641167745566  0  0.999888031336088  270  89.1425872633189
763  0.007905  0  0.5262  0.015021110095586  0  0.999887176761207  270  89.1393214194964
764  0.007935  0  0.5262  0.0150781032702062  0  0.999886318939195  270  89.1360555812676
765  0.007965  0  0.5262  0.0151350962978623  0  0.999885457870078  270  89.1327897486528
766  0.007995  0  0.5262  0.0151920891779994  0  0.99988459355388  270  89.129523921673
767  0.008025  0  0.5262  0.0152490819100623  0  0.999883725990627  270  89.1262581003503
768  0.008055  0  0.5262  0.0153060744934962  0  0.999882855180345  270  89.1229922847054
769  0.008085  0  0.5262  0.015363066927746  0  0.999881981123059  270  89.1197264747597
770  0.008115  0  0.5262  0.0154200592122568  0  0.999881103818794  270  89.1164606705345
771  0.008145  0  0.5262  0.0154770513464736  0  0.999880223267577  270  89.1131948720503
772  0.008175  0  0.5262  0.0155340433298415  0  0.999879339469432  270  89.1099290793291
773  0.008205  0  0.5262  0.0155910351618056  0  0.999878452424385  270  89.1066632923919
774  0.008235  0  0.5262  0.0156480268418108  0  0.999877562132463  270  89.1033975112591
775  0.008265  0  0.5262  0.0157050183693023  0  0.999876668593692  270  89.1001317359533
776  0.008295  0  0.5262  0.0157620097437251  0  0.999875771808098  270  89.096865966495
777  0.008325  0  0.5262  0.0158190009645244  0  0.999874871775706  270  89.0936002029052
778  0.008355  0  0.5262  0.0158759920311452  0  0.999873968496544  270  89.0903344452054
779  0.008385  0  0.5262  0.0159329829430327  0  0.999873061970637  270  89.0870686934164
780  0.008415  0  0.5262  0.0159899736996318  0  0.999872152198012  270  89.0838029475599
781  0.008445  0  0.5262  0.0160469643003879  0  0.999871239178697  270  89.0805372076575
782  0.008475  0  0.5262  0.0161039547447459  0  0.999870322912716  270  89.0772714737292
783  0.008505  0  0.5262  0.016160945032151  0  0.999869403400098  270  89.074005745797
784  0.008535  0  0.5262  0.0162179351620483  0  0.999868480640869  270  89.0707400238821
785  0.008565  0  0.5262  0.016274925133883  0  0.999867554635056  270  89.0674743080052
786  0.008595  0  0.5262  0.0163319149471003  0  0.999866625382686  270  89.0642085981884
787  0.008625  0  0.5262  0.0163889046011453  0  0.999865692883787  270  89.0609428944516
788  0.008655  0  0.5262  0.0164458940954632  0  0.999864757138385  270  89.0576771968171
789  0.008685  0  0.5262  0.0165028834294991  0  0.999863818146508  270  89.0544115053058
790  0.008715  0  0.5262  0.0165598726026982  0  0.999862875908183  270  89.0511458199386
791  0.008745  0  0.5262  0.0166168616145058  0  0.999861930423438  270  89.0478801407372
792  0.008775  0  0.5262  0.016673850464367  0  0.999860981692301  270  89.0446144677228
793  0.008805  0  0.5262  0.0167308391517271  0  0.999860029714799  270  89.0413488009158
794  0.008835  0  0.5262  0.0167878276760312  0  0.99985907449096  270  89.0380831403385
795  0.008865  0  0.5262  0.0168448160367246  0  0.999858116020813  270  89.0348174860109
796  0.008895  0  0.5262  0.0169018042332526  0  0.999857154304384  270  89.0315518379554
797  0.008925  0  0.5262  0.0169587922650602  0  0.999856189341703  270  89.0282861961926
798  0.008955  0  0.5262  0.0170157801315929  0  0.999855221132797  270  89.0250205607438
799  0.008985  0  0.5262  0.0170727678322959  0  0.999854249677694  270  89.0217549316298
800  0.009015  0  0.5262  0.0171297553666143  0  0.999853274976424  270  89.0184893088722
801  0.009045  0  0.5262  0.0171867427339936  0  0.999852297029014  270  89.0152236924924
802  0.009075  0  0.5262  0.0172437299338789  0  0.999851315835493  270  89.011958082511
803  0.009105  0  0.5262  0.0173007169657157  0  0.999850331395891  270  89.0086924789499
804  0.009135  0  0.5262  0.0173577038289491  0  0.999849343710234  270  89.0054268818297
805  0.009165  0  0.5262  0.0174146905230244  0  0.999848352778554  270  89.0021612911718
806  0.009195  0  0.5262  0.0174716770473871  0  0.999847358600878  270  88.9988957069976
807  0.009225  0  0.5262  0.0175286634014823  0  0.999846361177235  270  88.9956301293282
808  0.009255  0  0.5262  0.0175856495847555  0  0.999845360507655  270  88.9923645581844
809  0.009285  0  0.5262  0.017642635596652  0  0.999844356592167  270  88.9890989935877
810  0.009315  0  0.5262  0.0176996214366171  0  0.9998433494308  270  88.9858334355595
811  0.009345  0  0.5262  0.0177566071040961  0  0.999842339023584  270  88.982567884121
812  0.009375  0  0.5262  0.0178135925985346  0  0.999841325370548  270  88.9793023392934
813  0.009405  0  0.5262  0.0178705779193777  0  0.999840308471722  270  88.9760368010971
814  0.009435  0  0.5262  0.0179275630660709  0  0.999839288327135  270  88.9727712695542
815  0.009465  0  0.5262  0.0179845480380596  0  0.999838264936818  270  88.9695057446857
816  0.009495  0  0.5262  0.0180415328347892  0  0.9998372383008  270  88.9662402265123
817  0.009525  0  0.5262  0.0180985174557051  0  0.999836208419112  270  88.9629747150558
818  0.009555  0  0.5262  0.0181555019002527  0  0.999835175291783  270  88.9597092103372
819  0.009585  0  0.5262  0.0182124861678774  0  0.999834138918843  270  88.9564437123775
820  0.009615  0  0.5262  0.0182694702580247  0  0.999833099300324  270  88.9531782211983
821  0.009645  0  0.5262  0.01832645417014  0  0.999832056436255  270  88.9499127368206
822  0.009675  0  0.5262  0.0183834379036687  0  0.999831010326666  270  88.9466472592655
823  0.009705  0  0.5262  0.0184404214580564  0  0.999829960971589  270  88.943381788554
824  0.009735  0  0.5262  0.0184974048327484  0  0.999828908371054  270  88.9401163247077
825  0.009765  0  0.5262  0.0185543880271903  0  0.999827852525092  270  88.9368508677475
826  0.009795  0  0.5262  0.0186113710408275  0  0.999826793433733  270  88.933585417695
827  0.009825  0  0.5262  0.0186683538731055  0  0.999825731097009  270  88.9303199745713
828  0.009855  0  0.5262  0.0187253365234699  0  0.999824665514951  270  88.9270545383968
829  0.009885  0  0.5262  0.0187823189913661  0  0.999823596687589  270  88.9237891091936
830  0.009915  0  0.5262  0.0188393012762396  0  0.999822524614955  270  88.9205236869826
831  0.009945  0  0.5262  0.0188962833775361  0  0.999821449297081  270  88.9172582717846
832  0.009975  0  0.5262  0.0189532652947009  0  0.999820370733998  270  88.9139928636216
833  0.010005  0  0.5262  0.0190102470271798  0  0.999819288925737  270  88.9107274625143
834  0.010035  0  0.5262  0.0190672285744181  0  0.999818203872329  270  88.9074620684838
835  0.010065  0  0.5262  0.0191242099358616  0  0.999817115573808  270  88.9041966815516
836  0.010095  0  0.5262  0.0191811911109557  0  0.999816024030204  270  88.9009313017388
837  0.010125  0  0.5262  0.0192381720991461  0  0.999814929241549  270  88.8976659290661
838  0.010155  0  0.5262  0.0192951528998783  0  0.999813831207876  270  88.8944005635553
839  0.010185  0  0.5262  0.019352133512598  0  0.999812729929216  270  88.8911352052276
840  0.010215  0  0.5262  0.0194091139367507  0  0.999811625405601  270  88.8878698541036
841  0.010245  0  0.5262  0.0194660941717821  0  0.999810517637065  270  88.8846045102051
842  0.010275  0  0.5262  0.0195230742171378  0  0.999809406623638  270  88.8813391735529
843  0.010305  0  0.5262  0.0195800540722634  0  0.999808292365355  270  88.8780738441686
844  0.010335  0  0.5262  0.0196370337366046  0  0.999807174862247  270  88.8748085220731
845  0.010365  0  0.5262  0.019694013209607  0  0.999806054114347  270  88.8715432072873
846  0.010395  0  0.5262  0.0197509924907163  0  0.999804930121687  270  88.8682778998329
847  0.010425  0  0.5262  0.0198079715793783  0  0.999803802884301  270  88.8650125997308
848  0.010455  0  0.5262  0.0198649504750384  0  0.999802672402222  270  88.8617473070025
849  0.010485  0  0.5262  0.0199219291771426  0  0.999801538675482  270  88.8584820216688
850  0.010515  0  0.5262  0.0199789076851364  0  0.999800401704115  270  88.855216743751
851  0.010545  0  0.5262  0.0200358859984656  0  0.999799261488153  270  88.8519514732705
852  0.010575  0  0.5262  0.0200928641165758  0  0.999798118027631  270  88.8486862102481
853  0.010605  0  0.5262  0.0201498420389129  0  0.999796971322581  270  88.8454209547051
854  0.010635  0  0.5262  0.0202068197649226  0  0.999795821373038  270  88.8421557066631
855  0.010665  0  0.5262  0.0202637972940506  0  0.999794668179035  270  88.8388904661429
856  0.010695  0  0.5262  0.0203207746257426  0  0.999793511740604  270  88.8356252331655
857  0.010725  0  0.5262  0.0203777517594445  0  0.999792352057781  270  88.8323600077525
858  0.010755  0  0.5262  0.020434728694602  0  0.9997911891306  270  88.8290947899251
859  0.010785  0  0.5262  0.020491705430661  0  0.999790022959093  270  88.825829579704
860  0.010815  0  0.5262  0.0205486819670672  0  0.999788853543295  270  88.8225643771106
861  0.010845  0  0.5262  0.0206056583032663  0  0.999787680883241  270  88.8192991821665
862  0.010875  0  0.5262  0.0206626344387044  0  0.999786504978964  270  88.8160339948923
863  0.010905  0  0.5262  0.0207196103728271  0  0.9997853258305  270  88.8127688153095
864  0.010935  0  0.5262  0.0207765861050803  0  0.999784143437881  270  88.8095036434393
865  0.010965  0  0.5262  0.0208335616349098  0  0.999782957801144  270  88.8062384793027
866  0.010995  0  0.5262  0.0208905369617616  0  0.999781768920323  270  88.802973322921
867  0.011025  0  0.5262  0.0209475120850814  0  0.999780576795451  270  88.7997081743152
868  0.011055  0  0.5262  0.0210044870043152  0  0.999779381426565  270  88.7964430335065
869  0.011085  0  0.5262  0.0210614617189089  0  0.999778182813699  270  88.7931779005166
870  0.011115  0  0.5262  0.0211184362283083  0  0.999776980956889  270  88.7899127753661
871  0.011145  0  0.5262  0.0211754105319593  0  0.999775775856168  270  88.7866476580765
872  0.011175  0  0.5262  0.0212323846293079  0  0.999774567511573  270  88.7833825486686
873  0.011205  0  0.5262  0.0212893585198  0  0.999773355923139  270  88.7801174471638
874  0.011235  0  0.5262  0.0213463322028816  0  0.999772141090901  270  88.7768523535835
875  0.011265  0  0.5262  0.0214033056779985  0  0.999770923014895  270  88.7735872679484
876  0.011295  0  0.5262  0.0214602789445967  0  0.999769701695155  270  88.7703221902801
877  0.011325  0  0.5262  0.0215172520021222  0  0.999768477131719  270  88.7670571205997
878  0.011355  0  0.5262  0.0215742248500211  0  0.999767249324622  270  88.7637920589284
879  0.011385  0  0.5262  0.0216311974877392  0  0.999766018273899  270  88.7605270052871
880  0.011415  0  0.5262  0.0216881699147225  0  0.999764783979587  270  88.7572619596972
881  0.011445  0  0.5262  0.0217451421304171  0  0.999763546441721  270  88.7539969221797
882  0.011475  0  0.5262  0.0218021141342691  0  0.999762305660339  270  88.7507318927561
883  0.011505  0  0.5262  0.0218590859257243  0  0.999761061635475  270  88.7474668714475
884  0.011535  0  0.5262  0.0219160575042289  0  0.999759814367167  270  88.7442018582745
885  0.011565  0  0.5262  0.021973028869229  0  0.99975856385545  270  88.740936853259
886  0.011595  0  0.5262  0.0220300000201705  0  0.999757310100362  270  88.737671856422
887  0.011625  0  0.5262  0.0220869709564995  0  0.999756053101939  270  88.7344068677848
888  0.011655  0  0.5262  0.0221439416776622  0  0.999754792860218  270  88.7311418873679
889  0.011685  0  0.5262  0.0222009121831046  0  0.999753529375235  270  88.7278769151931
890  0.011715  0  0.5262  0.0222578824722728  0  0.999752262647027  270  88.7246119512813
891  0.011745  0  0.5262  0.0223148525446129  0  0.999750992675632  270  88.7213469956538
892  0.011775  0  0.5262  0.0223718223995711  0  0.999749719461087  270  88.7180820483321
893  0.011805  0  0.5262  0.0224287920365934  0  0.999748443003428  270  88.7148171093365
894  0.011835  0  0.5262  0.0224857614551262  0  0.999747163302694  270  88.711552178689
895  0.011865  0  0.5262  0.0225427306546153  0  0.999745880358921  270  88.7082872564104
896  0.011895  0  0.5262  0.0225996996345072  0  0.999744594172147  270  88.7050223425218
897  0.011925  0  0.5262  0.0226566683942479  0  0.999743304742409  270  88.7017574370447
898  0.011955  0  0.5262  0.0227136369332836  0  0.999742012069745  270  88.6984925400001
899  0.011985  0  0.5262  0.0227706052510605  0  0.999740716154194  270  88.6952276514088
900  0.012015  0  0.5262  0.0228275733470248  0  0.999739416995792  270  88.6919627712929
901  0.012045  0  0.5262  0.0228845412206228  0  0.999738114594578  270  88.6886978996725
902  0.012075  0  0.5262  0.0229415088713006  0  0.99973680895059  270  88.6854330365694
903  0.012105  0  0.5262  0.0229984762985045  0  0.999735500063866  270  88.6821681820049
904  0.012135  0  0.5262  0.0230554435016809  0  0.999734187934443  270  88.6789033359994
905  0.012165  0  0.5262  0.0231124104802758  0  0.999732872562362  270  88.6756384985746
906  0.012195  0  0.5262  0.0231693772337357  0  0.999731553947659  270  88.672373669752
907  0.012225  0  0.5262  0.0232263437615067  0  0.999730232090374  270  88.6691088495522
908  0.012255  0  0.5262  0.0232833100630352  0  0.999728906990544  270  88.6658440379963
909  0.012285  0  0.5262  0.0233402761377675  0  0.99972757864821  270  88.662579235106
910  0.012315  0  0.5262  0.0233972419851499  0  0.999726247063409  270  88.6593144409023
911  0.012345  0  0.5262  0.0234542076046288  0  0.999724912236181  270  88.6560496554061
912  0.012375  0  0.5262  0.0235111729956504  0  0.999723574166564  270  88.6527848786387
913  0.012405  0  0.5262  0.0235681381576611  0  0.999722232854597  270  88.6495201106212
914  0.012435  0  0.5262  0.0236251030901073  0  0.99972088830032  270  88.6462553513751
915  0.012465  0  0.5262  0.0236820677924354  0  0.999719540503773  270  88.6429906009212
916  0.012495  0  0.5262  0.0237390322640918  0  0.999718189464993  270  88.6397258592809
917  0.012525  0  0.5262  0.0237959965045228  0  0.999716835184022  270  88.6364611264753
918  0.012555  0  0.5262  0.0238529605131748  0  0.999715477660898  270  88.633196402525
919  0.012585  0  0.5262  0.0239099242894943  0  0.999714116895661  270  88.6299316874521
920  0.012615  0  0.5262  0.0239668878329277  0  0.99971275288835  270  88.6266669812772
921  0.012645  0  0.5262  0.0240238511429214  0  0.999711385639007  270  88.6234022840218
922  0.012675  0  0.5262  0.0240808142189219  0  0.99971001514767  270  88.6201375957068
923  0.012705  0  0.5262  0.0241377770603757  0  0.999708641414379  270  88.6168729163531
924  0.012735  0  0.5262  0.0241947396667292  0  0.999707264439175  270  88.6136082459828
925  0.012765  0  0.5262  0.0242517020374289  0  0.999705884222098  270  88.6103435846158
926  0.012795  0  0.5262  0.0243086641719213  0  0.999704500763189  270  88.6070789322743
927  0.012825  0  0.5262  0.024365626069653  0  0.999703114062487  270  88.6038142889789
928  0.012855  0  0.5262  0.0244225877300704  0  0.999701724120033  270  88.6005496547511
929  0.012885  0  0.5262  0.02447954915262  0  0.999700330935868  270  88.5972850296117
930  0.012915  0  0.5262  0.0245365103367485  0  0.999698934510033  270  88.5940204135819
931  0.012945  0  0.5262  0.0245934712819024  0  0.999697534842567  270  88.5907558066834
932  0.012975  0  0.5262  0.0246504319875282  0  0.999696131933513  270  88.5874912089368
933  0.013005  0  0.5262  0.0247073924530725  0  0.999694725782911  270  88.5842266203635
934  0.013035  0  0.5262  0.024764352677982  0  0.999693316390802  270  88.5809620409846
935  0.013065  0  0.5262  0.0248213126617031  0  0.999691903757228  270  88.577697470821
936  0.013095  0  0.5262  0.0248782724036826  0  0.999690487882229  270  88.5744329098942
937  0.013125  0  0.5262  0.024935231903367  0  0.999689068765847  270  88.5711683582253
938  0.013155  0  0.5262  0.0249921911602031  0  0.999687646408123  270  88.5679038158355
939  0.013185  0  0.5262  0.0250491501736373  0  0.999686220809099  270  88.5646392827456
940  0.013215  0  0.5262  0.0251061089431165  0  0.999684791968817  270  88.5613747589773
941  0.013245  0  0.5262  0.0251630674680873  0  0.999683359887318  270  88.5581102445514
942  0.013275  0  0.5262  0.0252200257479963  0  0.999681924564644  270  88.5548457394892
943  0.013305  0  0.5262  0.0252769837822903  0  0.999680486000837  270  88.5515812438116
944  0.013335  0  0.5262  0.0253339415704159  0  0.999679044195939  270  88.5483167575401
945  0.013365  0  0.5262  0.0253908991118199  0  0.999677599149993  270  88.5450522806955
946  0.013395  0  0.5262  0.0254478564059491  0  0.999676150863039  270  88.5417878132994
947  0.013425  0  0.5262  0.0255048134522501  0  0.999674699335122  270  88.5385233553724
948  0.013455  0  0.5262  0.0255617702501698  0  0.999673244566282  270  88.5352589069365
949  0.013485  0  0.5262  0.0256187267991548  0  0.999671786556563  270  88.5319944680118
950  0.013515  0  0.5262  0.025675683098652  0  0.999670325306007  270  88.52873003862
951  0.013545  0  0.5262  0.0257326391481082  0  0.999668860814657  270  88.5254656187823
952  0.013575  0  0.5262  0.0257895949469701  0  0.999667393082555  270  88.52220120852
953  0.013605  0  0.5262  0.0258465504946847  0  0.999665922109744  270  88.5189368078537
954  0.013635  0  0.5262  0.0259035057906986  0  0.999664447896269  270  88.5156724168051
955  0.013665  0  0.5262  0.0259604608344589  0  0.99966297044217  270  88.512408035395
956  0.013695  0  0.5262  0.0260174156254122  0  0.999661489747492  270  88.5091436636447
957  0.013725  0  0.5262  0.0260743701630055  0  0.999660005812277  270  88.5058793015751
958  0.013755  0  0.5262  0.0261313244466857  0  0.99965851863657  270  88.5026149492079
959  0.013785  0  0.5262  0.0261882784758997  0  0.999657028220414  270  88.4993506065637
960  0.013815  0  0.5262  0.0262452322500943  0  0.999655534563851  270  88.496086273664
961  0.013845  0  0.5262  0.0263021857687164  0  0.999654037666926  270  88.4928219505297
962  0.013875  0  0.5262  0.0263591390312131  0  0.999652537529682  270  88.4895576371819
963  0.013905  0  0.5262  0.0264160920370312  0  0.999651034152164  270  88.4862933336424
964  0.013935  0  0.5262  0.0264730447856178  0  0.999649527534415  270  88.4830290399315
965  0.013965  0  0.5262  0.0265299972764197  0  0.999648017676478  270  88.4797647560705
966  0.013995  0  0.5262  0.0265869495088839  0  0.9996465045784  270  88.4765004820813
967  0.014025  0  0.5262  0.0266439014824575  0  0.999644988240222  270  88.4732362179843
968  0.014055  0  0.5262  0.0267008531965874  0  0.99964346866199  270  88.4699719638006
969  0.014085  0  0.5262  0.0267578046507206  0  0.999641945843748  270  88.4667077195516
970  0.014115  0  0.5262  0.0268147558443043  0  0.99964041978554  270  88.4634434852586
971  0.014145  0  0.5262  0.0268717067767853  0  0.999638890487411  270  88.4601792609427
972  0.014175  0  0.5262  0.0269286574476109  0  0.999637357949406  270  88.4569150466246
973  0.014205  0  0.5262  0.026985607856228  0  0.99963582217157  270  88.453650842326
974  0.014235  0  0.5262  0.0270425580020837  0  0.999634283153946  270  88.4503866480677
975  0.014265  0  0.5262  0.0270995078846251  0  0.999632740896581  270  88.4471224638707
976  0.014295  0  0.5262  0.0271564575032994  0  0.999631195399519  270  88.4438582897566
977  0.014325  0  0.5262  0.0272134068575536  0  0.999629646662806  270  88.4405941257466
978  0.014355  0  0.5262  0.0272703559468348  0  0.999628094686485  270  88.4373299718612
979  0.014385  0  0.5262  0.0273273047705903  0  0.999626539470604  270  88.4340658281221
980  0.014415  0  0.5262  0.0273842533282672  0  0.999624981015207  270  88.4308016945502
981  0.014445  0  0.5262  0.0274412016193126  0  0.99962341932034  270  88.4275375711665
982  0.014475  0  0.5262  0.0274981496431738  0  0.999621854386048  270  88.4242734579927
983  0.014505  0  0.5262  0.0275550973992979  0  0.999620286212377  270  88.4210093550494
984  0.014535  0  0.5262  0.0276120448871321  0  0.999618714799373  270  88.4177452623579
985  0.014565  0  0.5262  0.0276689921061236  0  0.999617140147082  270  88.4144811799391
986  0.014595  0  0.5262  0.0277259390557198  0  0.99961556225555  270  88.4112171078147
987  0.014625  0  0.5262  0.0277828857353678  0  0.999613981124822  270  88.4079530460055
988  0.014655  0  0.5262  0.0278398321445149  0  0.999612396754945  270  88.4046889945326
989  0.014685  0  0.5262  0.0278967782826083  0  0.999610809145965  270  88.4014249534173
990  0.014715  0  0.5262  0.0279537241490954  0  0.999609218297929  270  88.3981609226804
991  0.014745  0  0.5262  0.0280106697434235  0  0.999607624210883  270  88.3948969023436
992  0.014775  0  0.5262  0.0280676150650399  0  0.999606026884873  270  88.3916328924274
993  0.014805  0  0.5262  0.0281245601133919  0  0.999604426319946  270  88.3883688929534
994  0.014835  0  0.5262  0.0281815048879268  0  0.999602822516149  270  88.3851049039426
995  0.014865  0  0.5262  0.028238449388092  0  0.999601215473529  270  88.3818409254162
996  0.014895  0  0.5262  0.0282953936133349  0  0.999599605192132  270  88.3785769573951
997  0.014925  0  0.5262  0.0283523375631028  0  0.999597991672006  270  88.3753129999004
998  0.014955  0  0.5262  0.0284092812368432  0  0.999596374913198  270  88.3720490529537
999  0.014985  0  0.5262  0.0284662246340034  0  0.999594754915754  270  88.3687851165758
